# Configuracion:
# Concentracion g/m^3_=_10000.0
# C_Vs_to_Am_M_A/Vsm_=_254322799225.57578
# pendiente_HvsI_1/m_=_3716.3
# ordenada_HvsI_A/m_=_1297.0
# frecuencia_ref_Hz_=_136185.1257677647
# 
Resultados:
# tau_s_=_(4.49+/-0.62)e-08
# dphi_rad_=_6.32+/-0.01
# SAR_W/g_=_16.86+/-2.81
# Hc_kA/m_=_1.15+/-0.18
# Mr_A/m_=_6.44+/-1.19
# Suceptibilidad_a_M=0_=_0.0056+/-0.0005

Nombre_archivo	Time_m	Temperatura_(ºC)	Mr_(A/m)	Hc_(kA/m)	Campo_max_(A/m)	Mag_max_(A/m)	f0	mag0	dphi0	SAR_(W/g)	Tau_(s)	N	xi_M_0
135kHz_100dA_100Mss_PM010.txt	25/06/2024 16:34:49	-45.6	5.06	0.81	38460.00	231.16	1.361779e+05	1.754715e+00	6.312381e+00	14.29	3.413089e-08	4406	6.218e-03
135kHz_100dA_100Mss_PM011.txt	25/06/2024 16:34:49	-45.6	5.16	0.80	38460.00	241.94	1.361779e+05	1.831820e+00	6.312171e+00	14.81	3.388514e-08	4406	6.429e-03
135kHz_100dA_100Mss_PM012.txt	25/06/2024 16:34:50	-45.3	6.65	1.01	38460.00	245.35	1.361779e+05	1.863620e+00	6.318926e+00	18.58	4.178868e-08	4406	6.549e-03
135kHz_100dA_100Mss_PM013.txt	25/06/2024 16:34:50	-45.3	5.73	0.87	38460.00	245.04	1.361779e+05	1.855199e+00	6.312915e+00	15.38	3.475619e-08	4406	6.587e-03
135kHz_100dA_100Mss_PM014.txt	25/06/2024 16:34:51	-44.8	4.38	0.72	38460.00	227.88	1.362089e+05	1.724544e+00	6.310102e+00	12.95	3.146542e-08	4405	6.114e-03
135kHz_100dA_100Mss_PM015.txt	25/06/2024 16:34:51	-44.8	5.22	0.83	38460.00	234.20	1.361779e+05	1.773229e+00	6.312925e+00	14.71	3.476798e-08	4406	6.292e-03
135kHz_100dA_100Mss_PM016.txt	25/06/2024 16:34:52	-44.8	5.29	0.86	38460.00	228.58	1.361779e+05	1.732552e+00	6.313627e+00	14.71	3.558876e-08	4406	6.120e-03
135kHz_100dA_100Mss_PM017.txt	25/06/2024 16:34:52	-44.8	6.05	1.00	38460.00	226.24	1.361779e+05	1.717171e+00	6.317972e+00	16.66	4.067169e-08	4406	6.069e-03
135kHz_100dA_100Mss_PM018.txt	25/06/2024 16:34:53	-43.2	6.00	0.99	38460.00	225.24	1.361779e+05	1.708959e+00	6.317265e+00	16.24	3.984462e-08	4406	6.032e-03
135kHz_100dA_100Mss_PM019.txt	25/06/2024 16:34:54	-41.8	6.60	1.09	38460.00	226.30	1.361779e+05	1.716509e+00	6.321219e+00	18.21	4.447181e-08	4406	6.019e-03
135kHz_100dA_100Mss_PM020.txt	25/06/2024 16:34:54	-41.8	6.29	1.07	38460.00	218.21	1.361779e+05	1.660292e+00	6.321659e+00	17.82	4.498711e-08	4406	5.861e-03
135kHz_100dA_100Mss_PM021.txt	25/06/2024 16:34:55	-40.4	6.29	1.07	38460.00	219.07	1.361779e+05	1.664190e+00	6.319503e+00	16.86	4.246405e-08	4406	5.895e-03
135kHz_100dA_100Mss_PM022.txt	25/06/2024 16:34:55	-40.4	5.18	0.93	38460.00	207.97	1.361779e+05	1.576297e+00	6.315223e+00	14.09	3.745536e-08	4406	5.575e-03
135kHz_100dA_100Mss_PM023.txt	25/06/2024 16:34:56	-38.9	5.92	1.03	38460.00	214.68	1.361779e+05	1.630591e+00	6.320728e+00	17.07	4.389726e-08	4406	5.741e-03
135kHz_100dA_100Mss_PM024.txt	25/06/2024 16:34:56	-38.9	5.94	1.00	38460.00	222.22	1.361779e+05	1.683553e+00	6.317275e+00	16.01	3.985641e-08	4406	5.954e-03
135kHz_100dA_100Mss_PM025.txt	25/06/2024 16:34:57	-37.4	5.57	0.97	38460.00	216.16	1.361779e+05	1.636032e+00	6.315596e+00	14.79	3.789233e-08	4406	5.771e-03
135kHz_100dA_100Mss_PM026.txt	25/06/2024 16:34:57	-37.4	5.98	1.01	38460.00	220.30	1.361779e+05	1.672282e+00	6.318018e+00	16.25	4.072597e-08	4406	5.902e-03
135kHz_100dA_100Mss_PM027.txt	25/06/2024 16:34:58	-35.9	5.82	1.04	38460.00	209.77	1.361779e+05	1.590378e+00	6.318247e+00	15.55	4.099454e-08	4406	5.596e-03
135kHz_100dA_100Mss_PM028.txt	25/06/2024 16:34:59	-34.3	5.45	0.99	38460.00	205.74	1.361779e+05	1.560075e+00	6.317169e+00	14.79	3.973332e-08	4406	5.490e-03
135kHz_100dA_100Mss_PM029.txt	25/06/2024 16:34:59	-34.3	5.80	1.01	38460.00	213.94	1.361779e+05	1.621588e+00	6.318150e+00	15.81	4.088038e-08	4406	5.712e-03
135kHz_100dA_100Mss_PM030.txt	25/06/2024 16:35:00	-32.8	5.70	1.06	38460.00	201.71	1.361779e+05	1.530895e+00	6.319436e+00	15.48	4.238563e-08	4406	5.370e-03
135kHz_100dA_100Mss_PM031.txt	25/06/2024 16:35:00	-32.8	6.64	1.23	38460.00	202.66	1.361779e+05	1.541913e+00	6.324375e+00	17.71	4.816710e-08	4406	5.403e-03
135kHz_100dA_100Mss_PM032.txt	25/06/2024 16:35:01	-31.4	5.49	1.01	38460.00	201.71	1.361779e+05	1.532018e+00	6.318214e+00	14.97	4.095592e-08	4406	5.448e-03
135kHz_100dA_100Mss_PM033.txt	25/06/2024 16:35:01	-31.4	6.49	1.15	38460.00	210.35	1.361779e+05	1.595043e+00	6.321438e+00	17.02	4.472882e-08	4406	5.634e-03
135kHz_100dA_100Mss_PM034.txt	25/06/2024 16:35:02	-30.1	5.72	1.05	38460.00	202.59	1.361779e+05	1.535116e+00	6.317842e+00	14.84	4.052065e-08	4406	5.425e-03
135kHz_100dA_100Mss_PM035.txt	25/06/2024 16:35:02	-30.1	5.29	1.00	38460.00	195.96	1.361779e+05	1.485926e+00	6.316994e+00	14.01	3.952845e-08	4406	5.279e-03
135kHz_100dA_100Mss_PM036.txt	25/06/2024 16:35:03	-28.8	4.68	0.90	38460.00	193.97	1.361779e+05	1.468493e+00	6.315244e+00	13.13	3.748072e-08	4406	5.195e-03
135kHz_100dA_100Mss_PM037.txt	25/06/2024 16:35:03	-28.8	5.26	0.99	38460.00	199.17	1.361779e+05	1.506460e+00	6.316548e+00	14.02	3.900629e-08	4406	5.322e-03
135kHz_100dA_100Mss_PM038.txt	25/06/2024 16:35:04	-28.2	5.03	0.97	38460.00	193.56	1.361779e+05	1.467835e+00	6.317110e+00	13.89	3.966461e-08	4406	5.158e-03
135kHz_100dA_100Mss_PM039.txt	25/06/2024 16:35:05	-27.1	5.38	1.00	38460.00	202.64	1.361779e+05	1.535594e+00	6.317679e+00	14.77	4.033018e-08	4406	5.393e-03
135kHz_100dA_100Mss_PM040.txt	25/06/2024 16:35:05	-27.1	5.12	0.98	38460.00	195.96	1.361779e+05	1.483155e+00	6.315867e+00	13.52	3.820942e-08	4406	5.243e-03
135kHz_100dA_100Mss_PM041.txt	25/06/2024 16:35:06	-25.9	5.00	0.93	38460.00	200.54	1.361779e+05	1.516758e+00	6.314469e+00	13.24	3.657478e-08	4406	5.346e-03
135kHz_100dA_100Mss_PM042.txt	25/06/2024 16:35:06	-25.9	5.58	1.06	38460.00	196.47	1.361779e+05	1.488925e+00	6.319576e+00	15.11	4.254976e-08	4406	5.243e-03
135kHz_100dA_100Mss_PM043.txt	25/06/2024 16:35:07	-24.9	5.47	1.07	38460.00	190.93	1.361779e+05	1.451627e+00	6.320063e+00	14.93	4.311977e-08	4406	5.124e-03
135kHz_100dA_100Mss_PM044.txt	25/06/2024 16:35:07	-24.9	5.38	1.02	38460.00	197.35	1.361779e+05	1.494056e+00	6.316017e+00	13.68	3.838558e-08	4406	5.289e-03
135kHz_100dA_100Mss_PM045.txt	25/06/2024 16:35:08	-23.9	6.20	1.14	38460.00	203.00	1.361779e+05	1.537486e+00	6.321151e+00	16.28	4.439282e-08	4406	5.428e-03
135kHz_100dA_100Mss_PM046.txt	25/06/2024 16:35:08	-23.9	4.92	0.94	38460.00	196.59	1.361779e+05	1.488566e+00	6.316437e+00	13.81	3.887674e-08	4406	5.233e-03
135kHz_100dA_100Mss_PM047.txt	25/06/2024 16:35:09	-23.0	5.36	1.07	38460.00	187.38	1.361779e+05	1.422890e+00	6.319030e+00	14.23	4.191123e-08	4406	4.990e-03
135kHz_100dA_100Mss_PM048.txt	25/06/2024 16:35:09	-23.0	5.95	1.11	38460.00	201.20	1.361779e+05	1.523640e+00	6.320197e+00	15.73	4.327673e-08	4406	5.363e-03
135kHz_100dA_100Mss_PM049.txt	25/06/2024 16:35:10	-22.1	5.41	1.09	38460.00	186.10	1.361779e+05	1.414756e+00	6.320428e+00	14.70	4.354706e-08	4406	4.971e-03
135kHz_100dA_100Mss_PM050.txt	25/06/2024 16:35:10	-22.1	5.61	1.07	38460.00	196.67	1.361779e+05	1.494069e+00	6.320597e+00	15.59	4.374437e-08	4406	5.252e-03
135kHz_100dA_100Mss_PM051.txt	25/06/2024 16:35:11	-21.0	6.23	1.20	38460.00	193.46	1.361779e+05	1.471606e+00	6.323707e+00	16.63	4.738547e-08	4406	5.162e-03
135kHz_100dA_100Mss_PM052.txt	25/06/2024 16:35:11	-21.0	4.31	0.85	38460.00	191.16	1.361779e+05	1.446570e+00	6.313599e+00	12.27	3.555696e-08	4406	5.066e-03
135kHz_100dA_100Mss_PM053.txt	25/06/2024 16:35:12	-20.2	5.09	0.99	38460.00	190.53	1.361779e+05	1.444472e+00	6.316748e+00	13.52	3.924071e-08	4406	5.138e-03
135kHz_100dA_100Mss_PM054.txt	25/06/2024 16:35:12	-20.2	4.14	0.83	38460.00	187.05	1.361779e+05	1.415905e+00	6.312516e+00	11.58	3.428989e-08	4406	5.008e-03
135kHz_100dA_100Mss_PM055.txt	25/06/2024 16:35:13	-19.4	4.82	0.97	38460.00	185.22	1.361779e+05	1.401888e+00	6.317780e+00	13.53	4.044883e-08	4406	4.934e-03
135kHz_100dA_100Mss_PM056.txt	25/06/2024 16:35:13	-19.4	5.29	1.04	38460.00	188.94	1.361779e+05	1.432325e+00	6.319106e+00	14.35	4.199996e-08	4406	5.062e-03
135kHz_100dA_100Mss_PM057.txt	25/06/2024 16:35:14	-18.7	5.07	0.99	38460.00	190.55	1.361779e+05	1.443264e+00	6.317313e+00	13.74	3.990182e-08	4406	5.113e-03
135kHz_100dA_100Mss_PM058.txt	25/06/2024 16:35:15	-18.1	6.34	1.20	38460.00	195.05	1.361779e+05	1.484311e+00	6.324567e+00	17.13	4.839177e-08	4406	5.249e-03
135kHz_100dA_100Mss_PM059.txt	25/06/2024 16:35:15	-18.1	5.33	1.08	38460.00	185.31	1.361779e+05	1.405930e+00	6.320179e+00	14.51	4.325530e-08	4406	4.942e-03
135kHz_100dA_100Mss_PM060.txt	25/06/2024 16:35:16	-17.5	4.51	0.86	38460.00	197.11	1.361779e+05	1.488244e+00	6.313072e+00	12.41	3.494079e-08	4406	5.230e-03
135kHz_100dA_100Mss_PM061.txt	25/06/2024 16:35:16	-17.5	5.31	1.06	38460.00	189.93	1.361779e+05	1.438309e+00	6.319856e+00	14.71	4.287762e-08	4406	5.011e-03
135kHz_100dA_100Mss_PM062.txt	25/06/2024 16:35:17	-16.9	5.91	1.19	38460.00	183.79	1.361779e+05	1.400401e+00	6.324980e+00	16.32	4.887565e-08	4406	4.947e-03
135kHz_100dA_100Mss_PM063.txt	25/06/2024 16:35:17	-16.9	5.54	1.15	38460.00	181.34	1.361779e+05	1.379171e+00	6.324012e+00	15.70	4.774224e-08	4406	4.821e-03
135kHz_100dA_100Mss_PM064.txt	25/06/2024 16:35:18	-16.3	4.64	0.93	38460.00	187.48	1.361779e+05	1.418104e+00	6.314938e+00	12.56	3.712344e-08	4406	4.996e-03
135kHz_100dA_100Mss_PM065.txt	25/06/2024 16:35:19	-16.0	4.75	0.93	38460.00	191.14	1.361779e+05	1.445304e+00	6.314747e+00	12.72	3.689985e-08	4406	5.100e-03
135kHz_100dA_100Mss_PM066.txt	25/06/2024 16:35:19	-16.0	5.83	1.17	38460.00	185.68	1.361779e+05	1.410080e+00	6.321918e+00	15.23	4.529156e-08	4406	4.974e-03
135kHz_100dA_100Mss_PM067.txt	25/06/2024 16:35:20	-15.5	4.81	0.98	38460.00	184.59	1.361779e+05	1.396436e+00	6.316184e+00	12.85	3.858105e-08	4406	4.908e-03
135kHz_100dA_100Mss_PM068.txt	25/06/2024 16:35:20	-15.5	5.17	1.03	38460.00	188.70	1.361779e+05	1.430451e+00	6.317954e+00	13.87	4.065147e-08	4406	5.030e-03
135kHz_100dA_100Mss_PM069.txt	25/06/2024 16:35:21	-14.8	5.54	1.09	38460.00	188.94	1.361779e+05	1.434027e+00	6.321912e+00	15.49	4.528426e-08	4406	5.052e-03
135kHz_100dA_100Mss_PM070.txt	25/06/2024 16:35:21	-14.8	4.69	0.97	38460.00	181.16	1.361779e+05	1.373105e+00	6.317256e+00	13.05	3.983519e-08	4406	4.847e-03
135kHz_100dA_100Mss_PM071.txt	25/06/2024 16:35:22	-14.3	5.78	1.14	38460.00	189.76	1.361470e+05	1.440101e+00	6.320982e+00	15.18	4.419612e-08	4407	5.079e-03
135kHz_100dA_100Mss_PM072.txt	25/06/2024 16:35:22	-14.3	5.36	1.08	38460.00	184.38	1.361779e+05	1.399702e+00	6.319469e+00	14.16	4.242463e-08	4406	4.955e-03
135kHz_100dA_100Mss_PM073.txt	25/06/2024 16:35:23	-13.9	5.27	1.03	38460.00	191.11	1.361779e+05	1.448246e+00	6.318293e+00	14.18	4.104877e-08	4406	5.121e-03
135kHz_100dA_100Mss_PM074.txt	25/06/2024 16:35:23	-13.9	5.76	1.16	38460.00	184.53	1.361779e+05	1.400105e+00	6.322041e+00	15.17	4.543527e-08	4406	4.961e-03
135kHz_100dA_100Mss_PM075.txt	25/06/2024 16:35:24	-13.9	5.21	1.01	38460.00	194.64	1.361779e+05	1.470238e+00	6.316986e+00	13.86	3.951960e-08	4406	5.160e-03
135kHz_100dA_100Mss_PM076.txt	25/06/2024 16:35:25	-13.0	5.33	1.03	38460.00	191.72	1.361470e+05	1.454744e+00	6.318335e+00	14.26	4.109828e-08	4407	5.154e-03
135kHz_100dA_100Mss_PM077.txt	25/06/2024 16:35:25	-13.0	5.26	1.05	38460.00	186.18	1.361779e+05	1.411223e+00	6.320147e+00	14.55	4.321918e-08	4406	5.008e-03
135kHz_100dA_100Mss_PM078.txt	25/06/2024 16:35:26	-12.5	4.50	0.92	38460.00	183.63	1.361779e+05	1.388235e+00	6.315356e+00	12.46	3.761251e-08	4406	4.880e-03
135kHz_100dA_100Mss_PM079.txt	25/06/2024 16:35:26	-12.5	4.56	0.91	38460.00	185.70	1.361779e+05	1.406058e+00	6.314524e+00	12.29	3.663875e-08	4406	5.015e-03
135kHz_100dA_100Mss_PM080.txt	25/06/2024 16:35:27	-12.1	4.30	0.87	38460.00	184.69	1.361779e+05	1.397671e+00	6.313833e+00	11.95	3.583046e-08	4406	4.920e-03
135kHz_100dA_100Mss_PM081.txt	25/06/2024 16:35:27	-12.1	5.51	1.09	38460.00	188.29	1.361779e+05	1.428095e+00	6.320603e+00	14.90	4.375248e-08	4406	5.043e-03
135kHz_100dA_100Mss_PM082.txt	25/06/2024 16:35:28	-11.8	5.47	1.11	38460.00	184.89	1.361779e+05	1.405164e+00	6.321940e+00	15.19	4.531669e-08	4406	4.929e-03
135kHz_100dA_100Mss_PM083.txt	25/06/2024 16:35:28	-11.8	6.71	1.36	38460.00	183.19	1.361779e+05	1.398615e+00	6.329892e+00	18.22	5.462839e-08	4406	4.919e-03
135kHz_100dA_100Mss_PM084.txt	25/06/2024 16:35:29	-11.6	5.39	1.07	38460.00	188.37	1.361779e+05	1.430433e+00	6.320226e+00	14.78	4.331077e-08	4406	5.025e-03
135kHz_100dA_100Mss_PM085.txt	25/06/2024 16:35:29	-11.6	3.85	0.78	38460.00	184.76	1.361779e+05	1.395780e+00	6.311960e+00	11.20	3.363944e-08	4406	4.942e-03
135kHz_100dA_100Mss_PM086.txt	25/06/2024 16:35:30	-11.3	5.20	1.01	38460.00	191.38	1.361779e+05	1.448710e+00	6.317449e+00	13.84	4.006069e-08	4406	5.138e-03
135kHz_100dA_100Mss_PM087.txt	25/06/2024 16:35:30	-11.3	4.31	0.90	38460.00	180.09	1.361779e+05	1.362273e+00	6.315219e+00	12.17	3.745221e-08	4406	4.781e-03
135kHz_100dA_100Mss_PM088.txt	25/06/2024 16:35:31	-10.9	5.29	1.05	38460.00	188.59	1.361779e+05	1.428878e+00	6.319031e+00	14.29	4.191203e-08	4406	5.014e-03
135kHz_100dA_100Mss_PM089.txt	25/06/2024 16:35:32	-10.6	6.05	1.21	38460.00	187.85	1.361779e+05	1.424970e+00	6.323284e+00	15.94	4.689066e-08	4406	5.003e-03
135kHz_100dA_100Mss_PM090.txt	25/06/2024 16:35:32	-10.6	4.73	0.97	38460.00	181.98	1.361779e+05	1.378733e+00	6.317299e+00	13.12	3.988584e-08	4406	4.857e-03
135kHz_100dA_100Mss_PM091.txt	25/06/2024 16:35:33	-10.1	4.82	1.00	38460.00	179.80	1.361779e+05	1.363796e+00	6.318797e+00	13.55	4.163849e-08	4406	4.790e-03
135kHz_100dA_100Mss_PM092.txt	25/06/2024 16:35:33	-10.1	4.85	0.99	38460.00	182.75	1.361779e+05	1.384419e+00	6.317578e+00	13.28	4.021180e-08	4406	4.913e-03
135kHz_100dA_100Mss_PM093.txt	25/06/2024 16:35:34	-9.8	4.82	1.03	38460.00	174.66	1.361779e+05	1.326190e+00	6.319842e+00	13.56	4.286181e-08	4406	4.650e-03
135kHz_100dA_100Mss_PM094.txt	25/06/2024 16:35:34	-9.8	5.22	1.03	38460.00	190.57	1.361779e+05	1.441360e+00	6.317109e+00	13.64	3.966362e-08	4406	5.062e-03
135kHz_100dA_100Mss_PM095.txt	25/06/2024 16:35:35	-9.5	3.74	0.80	38460.00	176.31	1.361779e+05	1.332695e+00	6.313828e+00	11.39	3.582417e-08	4406	4.649e-03
135kHz_100dA_100Mss_PM096.txt	25/06/2024 16:35:36	-9.2	6.40	1.30	38460.00	184.47	1.361779e+05	1.404009e+00	6.328127e+00	17.60	5.256162e-08	4406	4.909e-03
135kHz_100dA_100Mss_PM097.txt	25/06/2024 16:35:36	-9.2	6.32	1.25	38460.00	189.29	1.361779e+05	1.435624e+00	6.324684e+00	16.62	4.852976e-08	4406	5.057e-03
135kHz_100dA_100Mss_PM098.txt	25/06/2024 16:35:37	-8.7	5.47	1.14	38460.00	177.91	1.361779e+05	1.350714e+00	6.321980e+00	14.61	4.536360e-08	4406	4.769e-03
135kHz_100dA_100Mss_PM099.txt	25/06/2024 16:35:37	-8.7	4.61	0.91	38460.00	189.33	1.361779e+05	1.430262e+00	6.314364e+00	12.44	3.645211e-08	4406	5.059e-03
135kHz_100dA_100Mss_PM100.txt	25/06/2024 16:35:38	-8.4	4.82	0.97	38460.00	184.48	1.361470e+05	1.397634e+00	6.317176e+00	13.25	3.974257e-08	4407	4.942e-03
135kHz_100dA_100Mss_PM101.txt	25/06/2024 16:35:38	-8.4	4.50	0.95	38460.00	176.39	1.361779e+05	1.338797e+00	6.317673e+00	12.88	4.032405e-08	4406	4.735e-03
135kHz_100dA_100Mss_PM102.txt	25/06/2024 16:35:39	-8.1	6.32	1.31	38460.00	179.44	1.361779e+05	1.366937e+00	6.327318e+00	16.82	5.161329e-08	4406	4.813e-03
135kHz_100dA_100Mss_PM103.txt	25/06/2024 16:35:39	-8.1	4.88	0.96	38460.00	188.23	1.361779e+05	1.424119e+00	6.316805e+00	13.35	3.930715e-08	4406	5.059e-03
135kHz_100dA_100Mss_PM104.txt	25/06/2024 16:35:40	-7.8	4.95	1.02	38460.00	181.26	1.361779e+05	1.373702e+00	6.317613e+00	13.19	4.025299e-08	4406	4.846e-03
135kHz_100dA_100Mss_PM105.txt	25/06/2024 16:35:40	-7.8	4.31	0.87	38460.00	186.51	1.361779e+05	1.406189e+00	6.313890e+00	12.04	3.589786e-08	4406	4.928e-03
135kHz_100dA_100Mss_PM106.txt	25/06/2024 16:35:41	-7.5	5.22	1.09	38460.00	179.23	1.361779e+05	1.358450e+00	6.320468e+00	14.13	4.359412e-08	4406	4.771e-03
135kHz_100dA_100Mss_PM107.txt	25/06/2024 16:35:41	-7.5	5.17	1.09	38460.00	177.55	1.361779e+05	1.348393e+00	6.321254e+00	14.32	4.451424e-08	4406	4.735e-03
135kHz_100dA_100Mss_PM108.txt	25/06/2024 16:35:42	-7.1	6.14	1.23	38460.00	187.13	1.361779e+05	1.418490e+00	6.323790e+00	16.06	4.748302e-08	4406	4.970e-03
135kHz_100dA_100Mss_PM109.txt	25/06/2024 16:35:42	-7.1	4.53	0.96	38460.00	176.53	1.361779e+05	1.337143e+00	6.316501e+00	12.43	3.895237e-08	4406	4.695e-03
135kHz_100dA_100Mss_PM110.txt	25/06/2024 16:35:43	-6.8	4.31	0.92	38460.00	175.32	1.361779e+05	1.327006e+00	6.315353e+00	11.91	3.760918e-08	4406	4.699e-03
135kHz_100dA_100Mss_PM111.txt	25/06/2024 16:35:43	-6.8	5.86	1.16	38460.00	188.07	1.361779e+05	1.428526e+00	6.323262e+00	15.97	4.686592e-08	4406	5.034e-03
135kHz_100dA_100Mss_PM112.txt	25/06/2024 16:35:44	-6.5	5.14	1.08	38460.00	176.95	1.361779e+05	1.345279e+00	6.320097e+00	13.85	4.316048e-08	4406	4.747e-03
135kHz_100dA_100Mss_PM113.txt	25/06/2024 16:35:44	-6.5	4.38	0.92	38460.00	180.64	1.361779e+05	1.365346e+00	6.315215e+00	12.20	3.744732e-08	4406	4.750e-03
135kHz_100dA_100Mss_PM114.txt	25/06/2024 16:35:45	-6.2	6.86	1.40	38460.00	182.55	1.361779e+05	1.389163e+00	6.330182e+00	18.21	5.496823e-08	4406	4.889e-03
135kHz_100dA_100Mss_PM115.txt	25/06/2024 16:35:46	-5.9	4.35	0.89	38460.00	182.83	1.361470e+05	1.381844e+00	6.313834e+00	11.81	3.583177e-08	4407	4.858e-03
135kHz_100dA_100Mss_PM116.txt	25/06/2024 16:35:46	-5.9	4.90	1.03	38460.00	178.55	1.361779e+05	1.351682e+00	6.317818e+00	13.06	4.049271e-08	4406	4.741e-03
135kHz_100dA_100Mss_PM117.txt	25/06/2024 16:35:47	-5.8	5.51	1.16	38460.00	178.53	1.361779e+05	1.352372e+00	6.322599e+00	14.87	4.608839e-08	4406	4.739e-03
135kHz_100dA_100Mss_PM118.txt	25/06/2024 16:35:47	-5.8	5.16	1.01	38460.00	192.10	1.361779e+05	1.451091e+00	6.317529e+00	13.90	4.015493e-08	4406	5.100e-03
135kHz_100dA_100Mss_PM119.txt	25/06/2024 16:35:48	-5.4	5.45	1.16	38460.00	175.20	1.361779e+05	1.331174e+00	6.322136e+00	14.46	4.554620e-08	4406	4.663e-03
135kHz_100dA_100Mss_PM120.txt	25/06/2024 16:35:48	-5.4	5.44	1.15	38460.00	174.40	1.361779e+05	1.324715e+00	6.323576e+00	14.92	4.723138e-08	4406	4.695e-03
135kHz_100dA_100Mss_PM121.txt	25/06/2024 16:35:49	-5.2	4.99	1.03	38460.00	181.10	1.361779e+05	1.372134e+00	6.319583e+00	13.93	4.255858e-08	4406	4.851e-03
135kHz_100dA_100Mss_PM122.txt	25/06/2024 16:35:49	-5.2	5.85	1.21	38460.00	178.63	1.361779e+05	1.356556e+00	6.323858e+00	15.39	4.756303e-08	4406	4.814e-03
135kHz_100dA_100Mss_PM123.txt	25/06/2024 16:35:50	-5.1	4.25	0.85	38460.00	187.75	1.361779e+05	1.415142e+00	6.311981e+00	11.37	3.366410e-08	4406	5.011e-03
135kHz_100dA_100Mss_PM124.txt	25/06/2024 16:35:50	-5.1	7.27	1.41	38460.00	190.85	1.361779e+05	1.451278e+00	6.329608e+00	18.79	5.429605e-08	4406	5.135e-03
135kHz_100dA_100Mss_PM125.txt	25/06/2024 16:35:51	-4.8	4.46	0.92	38460.00	181.61	1.361779e+05	1.372037e+00	6.315263e+00	12.28	3.750341e-08	4406	4.813e-03
135kHz_100dA_100Mss_PM126.txt	25/06/2024 16:35:51	-4.8	4.92	1.03	38460.00	178.06	1.361470e+05	1.350384e+00	6.318918e+00	13.46	4.177961e-08	4407	4.752e-03
135kHz_100dA_100Mss_PM127.txt	25/06/2024 16:35:52	-4.6	4.94	1.02	38460.00	182.34	1.361779e+05	1.380425e+00	6.318066e+00	13.43	4.078354e-08	4406	4.852e-03
135kHz_100dA_100Mss_PM128.txt	25/06/2024 16:35:52	-4.6	5.72	1.14	38460.00	188.36	1.361779e+05	1.425764e+00	6.321036e+00	15.05	4.425944e-08	4406	5.008e-03
135kHz_100dA_100Mss_PM129.txt	25/06/2024 16:35:53	-4.3	6.22	1.23	38460.00	187.94	1.361470e+05	1.426126e+00	6.325374e+00	16.78	4.933795e-08	4407	5.021e-03
135kHz_100dA_100Mss_PM130.txt	25/06/2024 16:35:54	-4.1	6.74	1.37	38460.00	183.28	1.361779e+05	1.393689e+00	6.329794e+00	18.11	5.451292e-08	4406	4.901e-03
135kHz_100dA_100Mss_PM131.txt	25/06/2024 16:35:54	-4.1	5.31	1.06	38460.00	184.83	1.361779e+05	1.399291e+00	6.320039e+00	14.38	4.309296e-08	4406	4.974e-03
135kHz_100dA_100Mss_PM132.txt	25/06/2024 16:35:55	-3.8	5.20	1.08	38460.00	179.04	1.361779e+05	1.357092e+00	6.320538e+00	14.14	4.367611e-08	4406	4.800e-03
135kHz_100dA_100Mss_PM133.txt	25/06/2024 16:35:56	-3.6	6.87	1.38	38460.00	187.40	1.361779e+05	1.425016e+00	6.328889e+00	18.16	5.345330e-08	4406	4.980e-03
135kHz_100dA_100Mss_PM134.txt	25/06/2024 16:35:56	-3.6	5.86	1.19	38460.00	184.00	1.361470e+05	1.395814e+00	6.321766e+00	15.02	4.511298e-08	4407	4.931e-03
135kHz_100dA_100Mss_PM135.txt	25/06/2024 16:35:57	-3.2	4.78	1.06	38460.00	170.44	1.361779e+05	1.292147e+00	6.319669e+00	13.15	4.265915e-08	4406	4.518e-03
135kHz_100dA_100Mss_PM136.txt	25/06/2024 16:35:57	-3.2	3.03	0.65	38460.00	176.54	1.361779e+05	1.329058e+00	6.307116e+00	8.87	2.797401e-08	4406	4.669e-03
135kHz_100dA_100Mss_PM137.txt	25/06/2024 16:35:58	-3.2	3.93	0.83	38460.00	177.72	1.361779e+05	1.346295e+00	6.313168e+00	11.26	3.505317e-08	4406	4.740e-03
135kHz_100dA_100Mss_PM138.txt	25/06/2024 16:35:58	-3.2	5.35	1.11	38460.00	177.99	1.361779e+05	1.351434e+00	6.320711e+00	14.14	4.387928e-08	4406	4.823e-03
135kHz_100dA_100Mss_PM139.txt	25/06/2024 16:35:59	-3.0	5.23	1.07	38460.00	182.75	1.361779e+05	1.383752e+00	6.319411e+00	13.98	4.235743e-08	4406	4.865e-03
135kHz_100dA_100Mss_PM140.txt	25/06/2024 16:35:59	-3.0	6.86	1.43	38460.00	178.60	1.361779e+05	1.360497e+00	6.329926e+00	17.73	5.466816e-08	4406	4.788e-03
135kHz_100dA_100Mss_PM141.txt	25/06/2024 16:36:00	-2.7	5.69	1.23	38460.00	172.02	1.361779e+05	1.308912e+00	6.325585e+00	15.48	4.958554e-08	4406	4.611e-03
135kHz_100dA_100Mss_PM142.txt	25/06/2024 16:36:00	-2.7	4.33	0.91	38460.00	179.22	1.361779e+05	1.352326e+00	6.313590e+00	11.47	3.554737e-08	4406	4.738e-03
135kHz_100dA_100Mss_PM143.txt	25/06/2024 16:36:01	-2.5	5.82	1.16	38460.00	186.55	1.361779e+05	1.413508e+00	6.323677e+00	15.96	4.735111e-08	4406	4.982e-03
135kHz_100dA_100Mss_PM144.txt	25/06/2024 16:36:01	-2.5	4.88	1.05	38460.00	172.93	1.361779e+05	1.310371e+00	6.319379e+00	13.23	4.231998e-08	4406	4.618e-03
135kHz_100dA_100Mss_PM145.txt	25/06/2024 16:36:02	-2.3	4.70	1.00	38460.00	175.23	1.361779e+05	1.328809e+00	6.317656e+00	12.78	4.030452e-08	4406	4.677e-03
135kHz_100dA_100Mss_PM146.txt	25/06/2024 16:36:02	-2.3	5.38	1.15	38460.00	173.85	1.361779e+05	1.321739e+00	6.321716e+00	14.20	4.505587e-08	4406	4.664e-03
135kHz_100dA_100Mss_PM147.txt	25/06/2024 16:36:03	-2.1	5.69	1.16	38460.00	180.87	1.361779e+05	1.374762e+00	6.323194e+00	15.34	4.678591e-08	4406	4.887e-03
135kHz_100dA_100Mss_PM148.txt	25/06/2024 16:36:03	-2.1	3.51	0.73	38460.00	180.37	1.361779e+05	1.357557e+00	6.309258e+00	9.87	3.047979e-08	4406	4.806e-03
135kHz_100dA_100Mss_PM149.txt	25/06/2024 16:36:04	-1.9	6.00	1.27	38460.00	175.95	1.361779e+05	1.338657e+00	6.325871e+00	15.94	4.992029e-08	4406	4.722e-03
135kHz_100dA_100Mss_PM150.txt	25/06/2024 16:36:04	-1.9	5.67	1.18	38460.00	179.90	1.361779e+05	1.363712e+00	6.322500e+00	14.95	4.597291e-08	4406	4.791e-03
135kHz_100dA_100Mss_PM151.txt	25/06/2024 16:36:05	-1.7	6.93	1.43	38460.00	180.04	1.361779e+05	1.372815e+00	6.329599e+00	17.77	5.428650e-08	4406	4.837e-03
135kHz_100dA_100Mss_PM152.txt	25/06/2024 16:36:06	-1.5	5.29	1.11	38460.00	178.44	1.361779e+05	1.352940e+00	6.320295e+00	14.00	4.339264e-08	4406	4.761e-03
135kHz_100dA_100Mss_PM153.txt	25/06/2024 16:36:06	-1.5	7.19	1.48	38460.00	181.24	1.361779e+05	1.380065e+00	6.332379e+00	18.93	5.754195e-08	4406	4.858e-03
135kHz_100dA_100Mss_PM154.txt	25/06/2024 16:36:07	-1.3	3.57	0.75	38460.00	179.37	1.361779e+05	1.349473e+00	6.309419e+00	9.88	3.066829e-08	4406	4.765e-03
135kHz_100dA_100Mss_PM155.txt	25/06/2024 16:36:07	-1.3	5.29	1.08	38460.00	185.21	1.361779e+05	1.400961e+00	6.318242e+00	13.70	4.098989e-08	4406	4.897e-03
135kHz_100dA_100Mss_PM156.txt	25/06/2024 16:36:08	-1.1	3.30	0.72	38460.00	172.16	1.361779e+05	1.297169e+00	6.309390e+00	9.48	3.063394e-08	4406	4.555e-03
135kHz_100dA_100Mss_PM157.txt	25/06/2024 16:36:08	-1.1	3.59	0.77	38460.00	175.40	1.361470e+05	1.322446e+00	6.309796e+00	9.81	3.110896e-08	4407	4.645e-03
135kHz_100dA_100Mss_PM158.txt	25/06/2024 16:36:09	-1.0	5.48	1.13	38460.00	183.29	1.361779e+05	1.388852e+00	6.321363e+00	14.79	4.464196e-08	4406	4.863e-03
135kHz_100dA_100Mss_PM159.txt	25/06/2024 16:36:09	-1.0	7.28	1.43	38460.00	190.16	1.361779e+05	1.447512e+00	6.329615e+00	18.74	5.430532e-08	4406	5.078e-03
135kHz_100dA_100Mss_PM160.txt	25/06/2024 16:36:10	-0.7	5.23	1.06	38460.00	185.29	1.361779e+05	1.401382e+00	6.318406e+00	13.77	4.118223e-08	4406	4.922e-03
135kHz_100dA_100Mss_PM161.txt	25/06/2024 16:36:10	-0.7	6.43	1.34	38460.00	179.03	1.361470e+05	1.363396e+00	6.327848e+00	16.98	5.223562e-08	4407	4.797e-03
135kHz_100dA_100Mss_PM162.txt	25/06/2024 16:36:11	-0.5	5.30	1.10	38460.00	181.01	1.361779e+05	1.371853e+00	6.320472e+00	14.27	4.359963e-08	4406	4.802e-03
135kHz_100dA_100Mss_PM163.txt	25/06/2024 16:36:11	-0.5	5.42	1.13	38460.00	179.19	1.361779e+05	1.359334e+00	6.320659e+00	14.21	4.381884e-08	4406	4.783e-03
135kHz_100dA_100Mss_PM164.txt	25/06/2024 16:36:12	-0.3	6.49	1.35	38460.00	177.31	1.361779e+05	1.352520e+00	6.329291e+00	17.39	5.392587e-08	4406	4.800e-03
135kHz_100dA_100Mss_PM165.txt	25/06/2024 16:36:12	-0.3	4.57	0.92	38460.00	186.49	1.361470e+05	1.409307e+00	6.315747e+00	12.80	3.807162e-08	4407	4.958e-03
135kHz_100dA_100Mss_PM166.txt	25/06/2024 16:36:13	-0.1	5.26	1.05	38460.00	186.65	1.361779e+05	1.413377e+00	6.318280e+00	13.83	4.103475e-08	4406	5.002e-03
135kHz_100dA_100Mss_PM167.txt	25/06/2024 16:36:13	-0.1	4.47	0.91	38460.00	184.19	1.361779e+05	1.388007e+00	6.312527e+00	11.36	3.430428e-08	4406	4.920e-03
135kHz_100dA_100Mss_PM168.txt	25/06/2024 16:36:14	0.1	4.94	1.00	38460.00	184.30	1.361779e+05	1.394264e+00	6.317183e+00	13.22	3.975136e-08	4406	4.930e-03
135kHz_100dA_100Mss_PM169.txt	25/06/2024 16:36:14	0.1	6.08	1.20	38460.00	189.39	1.361779e+05	1.435791e+00	6.322209e+00	15.63	4.563386e-08	4406	5.077e-03
135kHz_100dA_100Mss_PM170.txt	25/06/2024 16:36:15	0.3	6.00	1.21	38460.00	184.65	1.361779e+05	1.400586e+00	6.322565e+00	15.38	4.605073e-08	4406	4.937e-03
135kHz_100dA_100Mss_PM171.txt	25/06/2024 16:36:16	0.5	5.48	1.07	38460.00	189.85	1.361779e+05	1.437759e+00	6.318453e+00	14.14	4.123721e-08	4406	5.106e-03
135kHz_100dA_100Mss_PM172.txt	25/06/2024 16:36:17	0.6	5.26	1.04	38460.00	190.37	1.361779e+05	1.437651e+00	6.317697e+00	13.84	4.035281e-08	4406	5.038e-03
135kHz_100dA_100Mss_PM173.txt	25/06/2024 16:36:17	0.6	5.88	1.21	38460.00	180.58	1.361470e+05	1.373106e+00	6.323084e+00	15.28	4.665875e-08	4407	4.861e-03
135kHz_100dA_100Mss_PM174.txt	25/06/2024 16:36:18	0.8	6.63	1.27	38460.00	195.62	1.361779e+05	1.485202e+00	6.325226e+00	17.41	4.916548e-08	4406	5.230e-03
135kHz_100dA_100Mss_PM175.txt	25/06/2024 16:36:18	0.8	6.93	1.34	38460.00	191.61	1.361779e+05	1.456077e+00	6.327502e+00	18.00	5.183079e-08	4406	5.179e-03
135kHz_100dA_100Mss_PM176.txt	25/06/2024 16:36:19	0.9	4.99	0.99	38460.00	186.97	1.361779e+05	1.414701e+00	6.315951e+00	12.93	3.830977e-08	4406	5.024e-03
135kHz_100dA_100Mss_PM177.txt	25/06/2024 16:36:19	0.9	7.30	1.40	38460.00	193.34	1.361779e+05	1.471798e+00	6.330361e+00	19.36	5.517977e-08	4406	5.189e-03
135kHz_100dA_100Mss_PM178.txt	25/06/2024 16:36:20	1.1	6.21	1.20	38460.00	192.23	1.361470e+05	1.458584e+00	6.323144e+00	16.25	4.672870e-08	4407	5.163e-03
135kHz_100dA_100Mss_PM179.txt	25/06/2024 16:36:20	1.1	4.94	0.94	38460.00	200.13	1.361470e+05	1.507309e+00	6.314102e+00	13.00	3.614689e-08	4407	5.277e-03
135kHz_100dA_100Mss_PM180.txt	25/06/2024 16:36:21	1.2	7.18	1.38	38460.00	191.99	1.361470e+05	1.461895e+00	6.329291e+00	18.79	5.392688e-08	4407	5.177e-03
135kHz_100dA_100Mss_PM181.txt	25/06/2024 16:36:21	1.2	4.73	0.90	38460.00	197.83	1.361470e+05	1.489192e+00	6.313347e+00	12.53	3.526313e-08	4407	5.229e-03
135kHz_100dA_100Mss_PM182.txt	25/06/2024 16:36:22	1.3	6.88	1.31	38460.00	195.89	1.361779e+05	1.487491e+00	6.326051e+00	17.78	5.013231e-08	4406	5.248e-03
135kHz_100dA_100Mss_PM183.txt	25/06/2024 16:36:22	1.3	7.31	1.38	38460.00	200.24	1.361779e+05	1.517292e+00	6.326641e+00	18.39	5.082274e-08	4406	5.304e-03
135kHz_100dA_100Mss_PM184.txt	25/06/2024 16:36:23	1.5	4.85	0.98	38460.00	184.94	1.361779e+05	1.398376e+00	6.315147e+00	12.47	3.736977e-08	4406	4.958e-03
135kHz_100dA_100Mss_PM185.txt	25/06/2024 16:36:23	1.5	4.36	0.86	38460.00	190.84	1.361779e+05	1.436945e+00	6.311851e+00	11.49	3.351383e-08	4406	5.058e-03
135kHz_100dA_100Mss_PM186.txt	25/06/2024 16:36:24	1.7	5.97	1.21	38460.00	184.86	1.361779e+05	1.400682e+00	6.322866e+00	15.50	4.640245e-08	4406	4.928e-03
135kHz_100dA_100Mss_PM187.txt	25/06/2024 16:36:24	1.7	7.51	1.38	38460.00	202.57	1.361779e+05	1.536291e+00	6.327505e+00	18.99	5.183497e-08	4406	5.411e-03
135kHz_100dA_100Mss_PM188.txt	25/06/2024 16:36:25	1.9	5.96	1.16	38460.00	192.57	1.361779e+05	1.457938e+00	6.321638e+00	15.64	4.496536e-08	4406	5.133e-03
135kHz_100dA_100Mss_PM189.txt	25/06/2024 16:36:25	1.9	6.59	1.27	38460.00	194.05	1.361470e+05	1.471516e+00	6.324780e+00	17.07	4.864458e-08	4407	5.200e-03
135kHz_100dA_100Mss_PM190.txt	25/06/2024 16:36:26	1.9	5.33	1.04	38460.00	194.36	1.361470e+05	1.466030e+00	6.318352e+00	14.38	4.112010e-08	4407	5.106e-03
135kHz_100dA_100Mss_PM191.txt	25/06/2024 16:36:27	2.0	6.49	1.23	38460.00	196.62	1.361470e+05	1.491336e+00	6.324725e+00	17.27	4.858061e-08	4407	5.252e-03
135kHz_100dA_100Mss_PM192.txt	25/06/2024 16:36:27	2.0	5.93	1.16	38460.00	190.40	1.361470e+05	1.444626e+00	6.322200e+00	15.72	4.562359e-08	4407	5.082e-03
135kHz_100dA_100Mss_PM193.txt	25/06/2024 16:36:28	2.2	6.76	1.31	38460.00	193.93	1.361470e+05	1.473711e+00	6.326713e+00	17.89	5.090796e-08	4407	5.136e-03
135kHz_100dA_100Mss_PM194.txt	25/06/2024 16:36:28	2.2	7.49	1.46	38460.00	189.94	1.361470e+05	1.449474e+00	6.331377e+00	19.47	5.637054e-08	4407	5.111e-03
135kHz_100dA_100Mss_PM195.txt	25/06/2024 16:36:29	2.4	5.08	0.97	38460.00	198.13	1.361779e+05	1.491380e+00	6.315844e+00	13.59	3.818519e-08	4406	5.227e-03
135kHz_100dA_100Mss_PM196.txt	25/06/2024 16:36:29	2.4	5.24	1.01	38460.00	195.19	1.361470e+05	1.473336e+00	6.315869e+00	13.43	3.821477e-08	4407	5.194e-03
135kHz_100dA_100Mss_PM197.txt	25/06/2024 16:36:30	2.5	6.32	1.27	38460.00	187.52	1.361470e+05	1.424736e+00	6.325066e+00	16.64	4.897928e-08	4407	4.976e-03
135kHz_100dA_100Mss_PM198.txt	25/06/2024 16:36:31	2.7	7.16	1.37	38460.00	194.72	1.361779e+05	1.478564e+00	6.327685e+00	18.35	5.204679e-08	4406	5.202e-03
135kHz_100dA_100Mss_PM199.txt	25/06/2024 16:36:31	2.7	7.67	1.44	38460.00	197.67	1.361779e+05	1.502580e+00	6.330077e+00	19.65	5.484807e-08	4406	5.339e-03
135kHz_100dA_100Mss_PM200.txt	25/06/2024 16:36:32	2.8	7.82	1.49	38460.00	196.98	1.361470e+05	1.499416e+00	6.331818e+00	20.33	5.688629e-08	4407	5.248e-03
135kHz_100dA_100Mss_PM201.txt	25/06/2024 16:36:32	2.8	7.10	1.36	38460.00	196.41	1.361779e+05	1.491993e+00	6.327081e+00	18.26	5.133783e-08	4406	5.211e-03
135kHz_100dA_100Mss_PM202.txt	25/06/2024 16:36:33	2.9	7.79	1.53	38460.00	190.26	1.361470e+05	1.449656e+00	6.332932e+00	20.11	5.819121e-08	4407	5.084e-03
135kHz_100dA_100Mss_PM203.txt	25/06/2024 16:36:33	2.9	6.98	1.27	38460.00	203.59	1.361470e+05	1.542833e+00	6.324169e+00	17.63	4.792817e-08	4407	5.495e-03
135kHz_100dA_100Mss_PM204.txt	25/06/2024 16:36:34	3.1	6.47	1.22	38460.00	197.22	1.361779e+05	1.492836e+00	6.323791e+00	16.91	4.748655e-08	4406	5.285e-03
135kHz_100dA_100Mss_PM205.txt	25/06/2024 16:36:34	3.1	6.19	1.23	38460.00	187.14	1.361470e+05	1.421733e+00	6.324005e+00	16.18	4.773583e-08	4407	5.012e-03
135kHz_100dA_100Mss_PM206.txt	25/06/2024 16:36:35	3.2	4.92	0.98	38460.00	188.76	1.361779e+05	1.423588e+00	6.315089e+00	12.67	3.730204e-08	4406	5.027e-03
135kHz_100dA_100Mss_PM207.txt	25/06/2024 16:36:35	3.2	7.61	1.51	38460.00	186.61	1.361470e+05	1.424673e+00	6.332359e+00	19.53	5.752069e-08	4407	5.052e-03
135kHz_100dA_100Mss_PM208.txt	25/06/2024 16:36:36	3.3	8.58	1.60	38460.00	198.97	1.361470e+05	1.518634e+00	6.335470e+00	22.14	6.116641e-08	4407	5.368e-03
135kHz_100dA_100Mss_PM209.txt	25/06/2024 16:36:37	3.5	6.80	1.31	38460.00	192.62	1.361779e+05	1.462143e+00	6.325420e+00	17.22	4.939291e-08	4406	5.182e-03
135kHz_100dA_100Mss_PM210.txt	25/06/2024 16:36:37	3.5	5.53	1.06	38460.00	195.93	1.361470e+05	1.479162e+00	6.318608e+00	14.61	4.141908e-08	4407	5.213e-03
135kHz_100dA_100Mss_PM211.txt	25/06/2024 16:36:38	3.6	5.80	1.07	38460.00	201.26	1.361779e+05	1.520715e+00	6.319265e+00	15.30	4.218788e-08	4406	5.380e-03
135kHz_100dA_100Mss_PM212.txt	25/06/2024 16:36:38	3.6	6.12	1.15	38460.00	197.44	1.361470e+05	1.494467e+00	6.320477e+00	15.54	4.360659e-08	4407	5.304e-03
135kHz_100dA_100Mss_PM213.txt	25/06/2024 16:36:39	3.7	5.65	1.09	38460.00	195.51	1.361470e+05	1.476549e+00	6.318971e+00	14.73	4.184371e-08	4407	5.188e-03
135kHz_100dA_100Mss_PM214.txt	25/06/2024 16:36:39	3.7	7.09	1.30	38460.00	203.26	1.361779e+05	1.538379e+00	6.325544e+00	18.17	4.953891e-08	4406	5.430e-03
135kHz_100dA_100Mss_PM215.txt	25/06/2024 16:36:40	3.9	7.06	1.26	38460.00	208.35	1.361470e+05	1.576296e+00	6.322702e+00	17.37	4.621107e-08	4407	5.606e-03
135kHz_100dA_100Mss_PM216.txt	25/06/2024 16:36:40	3.9	6.00	1.06	38460.00	212.27	1.361470e+05	1.601151e+00	6.316094e+00	14.69	3.847737e-08	4407	5.679e-03
135kHz_100dA_100Mss_PM217.txt	25/06/2024 16:36:41	3.9	8.02	1.48	38460.00	201.19	1.361470e+05	1.528369e+00	6.331219e+00	20.47	5.618558e-08	4407	5.386e-03
135kHz_100dA_100Mss_PM218.txt	25/06/2024 16:36:41	3.9	7.08	1.33	38460.00	198.13	1.361779e+05	1.504215e+00	6.327469e+00	18.58	5.179296e-08	4406	5.293e-03
135kHz_100dA_100Mss_PM219.txt	25/06/2024 16:36:42	4.1	8.76	1.70	38460.00	191.20	1.361779e+05	1.460975e+00	6.337786e+00	22.24	6.387990e-08	4406	5.155e-03
135kHz_100dA_100Mss_PM220.txt	25/06/2024 16:36:42	4.1	6.77	1.31	38460.00	192.15	1.361470e+05	1.460091e+00	6.327025e+00	17.85	5.127306e-08	4407	5.148e-03
135kHz_100dA_100Mss_PM221.txt	25/06/2024 16:36:43	4.2	8.56	1.56	38460.00	204.84	1.361779e+05	1.560339e+00	6.332725e+00	21.56	5.795031e-08	4406	5.485e-03
135kHz_100dA_100Mss_PM222.txt	25/06/2024 16:36:43	4.2	8.61	1.56	38460.00	205.66	1.361779e+05	1.565125e+00	6.332585e+00	21.56	5.778567e-08	4406	5.524e-03
135kHz_100dA_100Mss_PM223.txt	25/06/2024 16:36:44	4.3	5.22	0.96	38460.00	204.37	1.361779e+05	1.539357e+00	6.315433e+00	13.85	3.770451e-08	4406	5.419e-03
135kHz_100dA_100Mss_PM224.txt	25/06/2024 16:36:44	4.3	7.04	1.26	38460.00	209.43	1.361779e+05	1.584989e+00	6.323202e+00	17.69	4.679743e-08	4406	5.599e-03
135kHz_100dA_100Mss_PM225.txt	25/06/2024 16:36:45	4.4	7.12	1.31	38460.00	204.97	1.361779e+05	1.550566e+00	6.324171e+00	17.72	4.793054e-08	4406	5.433e-03
135kHz_100dA_100Mss_PM226.txt	25/06/2024 16:36:46	4.6	6.37	1.16	38460.00	204.20	1.361779e+05	1.543312e+00	6.321427e+00	16.46	4.471892e-08	4406	5.488e-03
135kHz_100dA_100Mss_PM227.txt	25/06/2024 16:36:46	4.6	7.89	1.55	38460.00	189.42	1.361470e+05	1.442266e+00	6.333012e+00	20.03	5.828653e-08	4407	5.088e-03
135kHz_100dA_100Mss_PM228.txt	25/06/2024 16:36:47	4.7	6.85	1.30	38460.00	195.35	1.361470e+05	1.483381e+00	6.327070e+00	18.15	5.132637e-08	4407	5.232e-03
135kHz_100dA_100Mss_PM229.txt	25/06/2024 16:36:48	4.8	6.05	1.14	38460.00	200.35	1.361470e+05	1.514679e+00	6.320288e+00	15.67	4.338591e-08	4407	5.321e-03
135kHz_100dA_100Mss_PM230.txt	25/06/2024 16:36:48	4.8	8.70	1.57	38460.00	206.08	1.361779e+05	1.568523e+00	6.332779e+00	21.69	5.801282e-08	4406	5.538e-03
135kHz_100dA_100Mss_PM231.txt	25/06/2024 16:36:49	4.9	7.04	1.30	38460.00	203.41	1.361470e+05	1.542395e+00	6.324998e+00	17.98	4.889987e-08	4407	5.428e-03
135kHz_100dA_100Mss_PM232.txt	25/06/2024 16:36:49	4.9	6.31	1.15	38460.00	203.20	1.361470e+05	1.537041e+00	6.321489e+00	16.42	4.479237e-08	4407	5.448e-03
135kHz_100dA_100Mss_PM233.txt	25/06/2024 16:36:50	5.1	6.04	1.13	38460.00	201.43	1.361470e+05	1.521796e+00	6.319874e+00	15.57	4.290166e-08	4407	5.345e-03
135kHz_100dA_100Mss_PM234.txt	25/06/2024 16:36:50	5.1	5.13	0.98	38460.00	198.48	1.361470e+05	1.496954e+00	6.315375e+00	13.44	3.763641e-08	4407	5.220e-03
135kHz_100dA_100Mss_PM235.txt	25/06/2024 16:36:51	5.2	5.81	1.11	38460.00	195.98	1.361470e+05	1.483031e+00	6.319168e+00	14.88	4.207558e-08	4407	5.234e-03
135kHz_100dA_100Mss_PM236.txt	25/06/2024 16:36:51	5.2	4.79	0.91	38460.00	196.52	1.361470e+05	1.481010e+00	6.312756e+00	12.21	3.457309e-08	4407	5.230e-03
135kHz_100dA_100Mss_PM237.txt	25/06/2024 16:36:52	5.3	7.56	1.36	38460.00	205.57	1.361470e+05	1.557317e+00	6.326441e+00	18.78	5.058964e-08	4407	5.532e-03
135kHz_100dA_100Mss_PM238.txt	25/06/2024 16:36:52	5.3	6.32	1.21	38460.00	196.53	1.361779e+05	1.488449e+00	6.322024e+00	16.12	4.541801e-08	4406	5.231e-03
135kHz_100dA_100Mss_PM239.txt	25/06/2024 16:36:53	5.5	7.56	1.35	38460.00	208.22	1.361470e+05	1.578529e+00	6.326737e+00	19.17	5.093595e-08	4407	5.604e-03
135kHz_100dA_100Mss_PM240.txt	25/06/2024 16:36:53	5.5	5.73	1.08	38460.00	199.55	1.361470e+05	1.508482e+00	6.319533e+00	15.29	4.250210e-08	4407	5.300e-03
135kHz_100dA_100Mss_PM241.txt	25/06/2024 16:36:54	5.6	7.62	1.36	38460.00	208.44	1.361470e+05	1.582033e+00	6.326514e+00	19.11	5.067397e-08	4407	5.618e-03
135kHz_100dA_100Mss_PM242.txt	25/06/2024 16:36:54	5.6	5.61	1.06	38460.00	198.49	1.361470e+05	1.498335e+00	6.318657e+00	14.82	4.147668e-08	4407	5.284e-03
135kHz_100dA_100Mss_PM243.txt	25/06/2024 16:36:55	5.7	7.98	1.45	38460.00	206.52	1.361779e+05	1.565582e+00	6.328740e+00	19.89	5.328164e-08	4406	5.509e-03
135kHz_100dA_100Mss_PM244.txt	25/06/2024 16:36:55	5.7	7.00	1.26	38460.00	209.55	1.361779e+05	1.583117e+00	6.324276e+00	18.14	4.805445e-08	4406	5.543e-03
135kHz_100dA_100Mss_PM245.txt	25/06/2024 16:36:56	5.8	5.85	1.05	38460.00	209.23	1.361470e+05	1.574842e+00	6.316802e+00	14.76	3.930535e-08	4407	5.575e-03
135kHz_100dA_100Mss_PM246.txt	25/06/2024 16:36:56	5.8	6.41	1.19	38460.00	202.13	1.361470e+05	1.528665e+00	6.322935e+00	16.94	4.648404e-08	4407	5.354e-03
135kHz_100dA_100Mss_PM247.txt	25/06/2024 16:36:57	5.8	7.59	1.38	38460.00	203.47	1.361470e+05	1.547378e+00	6.328395e+00	19.50	5.287797e-08	4407	5.488e-03
135kHz_100dA_100Mss_PM248.txt	25/06/2024 16:36:58	5.9	9.26	1.70	38460.00	202.25	1.361470e+05	1.539167e+00	6.339738e+00	24.26	6.616994e-08	4407	5.418e-03
135kHz_100dA_100Mss_PM249.txt	25/06/2024 16:36:58	5.9	4.77	0.90	38460.00	199.35	1.361470e+05	1.501034e+00	6.312491e+00	12.27	3.426296e-08	4407	5.296e-03
135kHz_100dA_100Mss_PM250.txt	25/06/2024 16:36:59	6.1	8.46	1.48	38460.00	213.09	1.361779e+05	1.617555e+00	6.330693e+00	21.43	5.556844e-08	4406	5.716e-03
135kHz_100dA_100Mss_PM251.txt	25/06/2024 16:36:59	6.1	6.21	1.17	38460.00	199.96	1.361470e+05	1.509597e+00	6.321726e+00	16.22	4.506898e-08	4407	5.289e-03
135kHz_100dA_100Mss_PM252.txt	25/06/2024 16:37:00	6.2	5.84	1.05	38460.00	210.17	1.361470e+05	1.583395e+00	6.317558e+00	15.18	4.019025e-08	4407	5.530e-03
135kHz_100dA_100Mss_PM253.txt	25/06/2024 16:37:00	6.2	7.18	1.30	38460.00	207.08	1.361470e+05	1.565996e+00	6.325175e+00	18.33	4.910711e-08	4407	5.515e-03
135kHz_100dA_100Mss_PM254.txt	25/06/2024 16:37:01	6.3	5.68	1.02	38460.00	206.38	1.361470e+05	1.558240e+00	6.316345e+00	14.41	3.877087e-08	4407	5.540e-03
135kHz_100dA_100Mss_PM255.txt	25/06/2024 16:37:01	6.3	6.34	1.17	38460.00	202.40	1.361470e+05	1.533460e+00	6.322033e+00	16.61	4.542846e-08	4407	5.425e-03
135kHz_100dA_100Mss_PM256.txt	25/06/2024 16:37:02	6.4	6.76	1.21	38460.00	209.92	1.361470e+05	1.588372e+00	6.322302e+00	17.32	4.574273e-08	4407	5.593e-03
135kHz_100dA_100Mss_PM257.txt	25/06/2024 16:37:02	6.4	7.45	1.39	38460.00	200.50	1.361779e+05	1.522979e+00	6.328391e+00	19.20	5.287315e-08	4406	5.351e-03
135kHz_100dA_100Mss_PM258.txt	25/06/2024 16:37:03	6.5	7.92	1.46	38460.00	201.71	1.361779e+05	1.531723e+00	6.330007e+00	20.00	5.476495e-08	4406	5.415e-03
135kHz_100dA_100Mss_PM259.txt	25/06/2024 16:37:03	6.5	6.96	1.22	38460.00	214.97	1.361470e+05	1.625161e+00	6.322205e+00	17.68	4.562907e-08	4407	5.707e-03
135kHz_100dA_100Mss_PM260.txt	25/06/2024 16:37:04	6.6	7.24	1.26	38460.00	216.49	1.361470e+05	1.639028e+00	6.323191e+00	18.28	4.678401e-08	4407	5.759e-03
135kHz_100dA_100Mss_PM261.txt	25/06/2024 16:37:04	6.6	8.83	1.58	38460.00	207.58	1.361779e+05	1.582883e+00	6.333953e+00	22.41	5.938809e-08	4406	5.591e-03
135kHz_100dA_100Mss_PM262.txt	25/06/2024 16:37:05	6.6	7.14	1.25	38460.00	215.16	1.361470e+05	1.629390e+00	6.323400e+00	18.27	4.702944e-08	4407	5.720e-03
135kHz_100dA_100Mss_PM263.txt	25/06/2024 16:37:05	6.6	7.82	1.46	38460.00	199.69	1.361779e+05	1.520526e+00	6.330923e+00	20.24	5.583859e-08	4406	5.366e-03
135kHz_100dA_100Mss_PM264.txt	25/06/2024 16:37:06	6.7	6.38	1.16	38460.00	205.68	1.361470e+05	1.554192e+00	6.321325e+00	16.53	4.459910e-08	4407	5.499e-03
135kHz_100dA_100Mss_PM265.txt	25/06/2024 16:37:07	6.9	4.99	0.94	38460.00	199.34	1.361470e+05	1.503209e+00	6.314632e+00	13.18	3.676747e-08	4407	5.289e-03
135kHz_100dA_100Mss_PM266.txt	25/06/2024 16:37:08	7.0	9.02	1.59	38460.00	211.54	1.361470e+05	1.609006e+00	6.334657e+00	23.09	6.021427e-08	4407	5.661e-03
135kHz_100dA_100Mss_PM267.txt	25/06/2024 16:37:08	7.0	6.99	1.25	38460.00	210.24	1.361779e+05	1.590673e+00	6.323010e+00	17.67	4.657239e-08	4406	5.580e-03
135kHz_100dA_100Mss_PM268.txt	25/06/2024 16:37:09	7.1	7.63	1.35	38460.00	211.83	1.361779e+05	1.601090e+00	6.324944e+00	18.65	4.883721e-08	4406	5.654e-03
135kHz_100dA_100Mss_PM269.txt	25/06/2024 16:37:09	7.1	4.68	0.89	38460.00	199.08	1.361470e+05	1.499016e+00	6.313593e+00	12.71	3.555199e-08	4407	5.257e-03
135kHz_100dA_100Mss_PM270.txt	25/06/2024 16:37:10	7.1	8.77	1.54	38460.00	211.74	1.361470e+05	1.607939e+00	6.332958e+00	22.31	5.822323e-08	4407	5.668e-03
135kHz_100dA_100Mss_PM271.txt	25/06/2024 16:37:10	7.1	6.44	1.13	38460.00	213.75	1.361470e+05	1.614157e+00	6.320844e+00	16.95	4.403646e-08	4407	5.705e-03
135kHz_100dA_100Mss_PM272.txt	25/06/2024 16:37:11	7.3	6.00	1.04	38460.00	216.01	1.361470e+05	1.626421e+00	6.316182e+00	14.97	3.858087e-08	4407	5.784e-03
135kHz_100dA_100Mss_PM273.txt	25/06/2024 16:37:11	7.3	6.82	1.23	38460.00	209.02	1.361470e+05	1.581649e+00	6.324738e+00	18.32	4.859471e-08	4407	5.533e-03
135kHz_100dA_100Mss_PM274.txt	25/06/2024 16:37:12	7.3	7.69	1.41	38460.00	202.37	1.361470e+05	1.540082e+00	6.329893e+00	20.06	5.463308e-08	4407	5.427e-03
135kHz_100dA_100Mss_PM275.txt	25/06/2024 16:37:12	7.3	6.10	1.10	38460.00	207.66	1.361779e+05	1.566396e+00	6.318308e+00	15.34	4.106874e-08	4406	5.541e-03
135kHz_100dA_100Mss_PM276.txt	25/06/2024 16:37:13	7.4	6.54	1.14	38460.00	216.24	1.361470e+05	1.629588e+00	6.319475e+00	16.49	4.243391e-08	4407	5.710e-03
135kHz_100dA_100Mss_PM277.txt	25/06/2024 16:37:13	7.4	7.95	1.44	38460.00	206.83	1.361470e+05	1.571712e+00	6.330132e+00	20.57	5.491255e-08	4407	5.514e-03
135kHz_100dA_100Mss_PM278.txt	25/06/2024 16:37:14	7.5	8.08	1.50	38460.00	199.87	1.361470e+05	1.522909e+00	6.332596e+00	20.98	5.779852e-08	4407	5.360e-03
135kHz_100dA_100Mss_PM279.txt	25/06/2024 16:37:14	7.5	6.74	1.21	38460.00	208.06	1.361779e+05	1.572550e+00	6.321932e+00	16.99	4.531081e-08	4406	5.581e-03
135kHz_100dA_100Mss_PM280.txt	25/06/2024 16:37:15	7.6	8.30	1.47	38460.00	209.42	1.361470e+05	1.592695e+00	6.330355e+00	20.95	5.517318e-08	4407	5.641e-03
135kHz_100dA_100Mss_PM281.txt	25/06/2024 16:37:15	7.6	7.20	1.28	38460.00	211.47	1.361779e+05	1.600364e+00	6.323693e+00	18.08	4.737162e-08	4406	5.635e-03
135kHz_100dA_100Mss_PM282.txt	25/06/2024 16:37:16	7.7	5.58	1.01	38460.00	206.79	1.361779e+05	1.557983e+00	6.315688e+00	14.12	3.800274e-08	4406	5.499e-03
135kHz_100dA_100Mss_PM283.txt	25/06/2024 16:37:16	7.7	7.11	1.24	38460.00	215.52	1.361470e+05	1.628650e+00	6.323025e+00	18.09	4.659016e-08	4407	5.722e-03
135kHz_100dA_100Mss_PM284.txt	25/06/2024 16:37:17	7.7	6.89	1.22	38460.00	212.23	1.361779e+05	1.603475e+00	6.321947e+00	17.33	4.532775e-08	4406	5.651e-03
135kHz_100dA_100Mss_PM285.txt	25/06/2024 16:37:18	7.9	6.66	1.21	38460.00	204.63	1.361779e+05	1.550070e+00	6.322616e+00	17.05	4.611148e-08	4406	5.481e-03
135kHz_100dA_100Mss_PM286.txt	25/06/2024 16:37:18	7.9	7.05	1.24	38460.00	211.98	1.361779e+05	1.604109e+00	6.323982e+00	18.25	4.771044e-08	4406	5.664e-03
135kHz_100dA_100Mss_PM287.txt	25/06/2024 16:37:19	7.9	5.99	1.11	38460.00	201.74	1.361779e+05	1.522678e+00	6.318609e+00	15.04	4.142136e-08	4406	5.366e-03
135kHz_100dA_100Mss_PM288.txt	25/06/2024 16:37:19	7.9	6.69	1.15	38460.00	218.62	1.361470e+05	1.653511e+00	6.320543e+00	17.22	4.368445e-08	4407	5.829e-03
135kHz_100dA_100Mss_PM289.txt	25/06/2024 16:37:20	8.0	5.67	1.01	38460.00	211.43	1.361779e+05	1.594419e+00	6.316475e+00	14.80	3.892305e-08	4406	5.625e-03
135kHz_100dA_100Mss_PM290.txt	25/06/2024 16:37:20	8.0	6.95	1.22	38460.00	214.59	1.361779e+05	1.621071e+00	6.322764e+00	17.89	4.628389e-08	4406	5.702e-03
135kHz_100dA_100Mss_PM291.txt	25/06/2024 16:37:21	8.1	5.90	1.04	38460.00	210.56	1.361779e+05	1.589723e+00	6.318459e+00	15.64	4.124446e-08	4406	5.638e-03
135kHz_100dA_100Mss_PM292.txt	25/06/2024 16:37:21	8.1	6.13	1.13	38460.00	201.89	1.361779e+05	1.529552e+00	6.321660e+00	16.41	4.499106e-08	4406	5.407e-03
135kHz_100dA_100Mss_PM293.txt	25/06/2024 16:37:22	8.1	6.91	1.21	38460.00	215.50	1.361779e+05	1.628804e+00	6.321902e+00	17.59	4.527476e-08	4406	5.720e-03
135kHz_100dA_100Mss_PM294.txt	25/06/2024 16:37:22	8.1	6.56	1.15	38460.00	213.71	1.361779e+05	1.614337e+00	6.320709e+00	16.89	4.387745e-08	4406	5.715e-03
135kHz_100dA_100Mss_PM295.txt	25/06/2024 16:37:23	8.2	7.45	1.34	38460.00	206.51	1.361470e+05	1.566357e+00	6.327258e+00	19.25	5.154562e-08	4407	5.524e-03
135kHz_100dA_100Mss_PM296.txt	25/06/2024 16:37:24	8.3	8.25	1.39	38460.00	219.90	1.361779e+05	1.668830e+00	6.328131e+00	20.92	5.256771e-08	4406	5.901e-03
135kHz_100dA_100Mss_PM297.txt	25/06/2024 16:37:24	8.3	7.70	1.35	38460.00	212.47	1.361470e+05	1.611950e+00	6.326960e+00	19.67	5.119634e-08	4407	5.709e-03
135kHz_100dA_100Mss_PM298.txt	25/06/2024 16:37:25	8.4	7.57	1.34	38460.00	210.80	1.361779e+05	1.597839e+00	6.326130e+00	19.14	5.022401e-08	4406	5.659e-03
135kHz_100dA_100Mss_PM299.txt	25/06/2024 16:37:25	8.4	6.94	1.29	38460.00	202.15	1.361779e+05	1.532277e+00	6.325719e+00	18.18	4.974332e-08	4406	5.376e-03
135kHz_100dA_100Mss_PM300.txt	25/06/2024 16:37:25	8.4	7.71	1.35	38460.00	212.03	1.361779e+05	1.610396e+00	6.326565e+00	19.48	5.073385e-08	4406	5.694e-03
135kHz_100dA_100Mss_PM301.txt	25/06/2024 16:37:26	8.6	7.45	1.29	38460.00	214.82	1.361470e+05	1.626421e+00	6.323971e+00	18.50	4.769635e-08	4407	5.756e-03
135kHz_100dA_100Mss_PM302.txt	25/06/2024 16:37:27	8.6	9.73	1.62	38460.00	221.43	1.361779e+05	1.684030e+00	6.334597e+00	24.14	6.014282e-08	4406	5.985e-03
135kHz_100dA_100Mss_PM303.txt	25/06/2024 16:37:27	8.6	6.27	1.12	38460.00	210.27	1.361470e+05	1.586770e+00	6.318624e+00	15.68	4.143857e-08	4407	5.587e-03
135kHz_100dA_100Mss_PM304.txt	25/06/2024 16:37:28	8.7	8.84	1.51	38460.00	218.27	1.361779e+05	1.658396e+00	6.331733e+00	22.45	5.678620e-08	4406	5.839e-03
135kHz_100dA_100Mss_PM305.txt	25/06/2024 16:37:29	8.8	6.66	1.19	38460.00	209.94	1.361470e+05	1.588775e+00	6.322313e+00	17.33	4.575515e-08	4407	5.593e-03
135kHz_100dA_100Mss_PM306.txt	25/06/2024 16:37:29	8.8	6.47	1.16	38460.00	207.96	1.361779e+05	1.571127e+00	6.321336e+00	16.72	4.461227e-08	4406	5.555e-03
135kHz_100dA_100Mss_PM307.txt	25/06/2024 16:37:30	8.8	6.86	1.24	38460.00	206.29	1.361779e+05	1.565873e+00	6.324380e+00	17.99	4.817504e-08	4406	5.520e-03
135kHz_100dA_100Mss_PM308.txt	25/06/2024 16:37:30	8.8	6.91	1.21	38460.00	213.48	1.361779e+05	1.613540e+00	6.322330e+00	17.62	4.577510e-08	4406	5.699e-03
135kHz_100dA_100Mss_PM309.txt	25/06/2024 16:37:31	8.9	8.16	1.45	38460.00	209.80	1.361779e+05	1.594286e+00	6.330728e+00	21.14	5.560958e-08	4406	5.620e-03
135kHz_100dA_100Mss_PM310.txt	25/06/2024 16:37:32	9.0	8.28	1.42	38460.00	218.24	1.361470e+05	1.655713e+00	6.328574e+00	20.95	5.308578e-08	4407	5.814e-03
135kHz_100dA_100Mss_PM311.txt	25/06/2024 16:37:32	9.0	7.83	1.40	38460.00	209.11	1.361779e+05	1.589774e+00	6.328336e+00	20.02	5.280747e-08	4406	5.589e-03
135kHz_100dA_100Mss_PM312.txt	25/06/2024 16:37:33	9.0	8.47	1.46	38460.00	216.15	1.361470e+05	1.644345e+00	6.330535e+00	21.71	5.538301e-08	4407	5.797e-03
135kHz_100dA_100Mss_PM313.txt	25/06/2024 16:37:33	9.0	6.59	1.14	38460.00	215.29	1.361779e+05	1.626991e+00	6.321615e+00	17.44	4.493834e-08	4406	5.751e-03
135kHz_100dA_100Mss_PM314.txt	25/06/2024 16:37:34	9.1	5.42	0.99	38460.00	205.75	1.361779e+05	1.553892e+00	6.316325e+00	14.36	3.874773e-08	4406	5.475e-03
135kHz_100dA_100Mss_PM315.txt	25/06/2024 16:37:34	9.1	7.27	1.30	38460.00	208.86	1.361779e+05	1.585836e+00	6.324921e+00	18.46	4.880765e-08	4406	5.608e-03
135kHz_100dA_100Mss_PM316.txt	25/06/2024 16:37:35	9.2	8.25	1.41	38460.00	218.73	1.361779e+05	1.661561e+00	6.329105e+00	21.28	5.370771e-08	4406	5.846e-03
135kHz_100dA_100Mss_PM317.txt	25/06/2024 16:37:35	9.2	6.78	1.20	38460.00	211.34	1.361779e+05	1.598315e+00	6.321978e+00	17.29	4.536345e-08	4406	5.630e-03
135kHz_100dA_100Mss_PM318.txt	25/06/2024 16:37:36	9.3	6.69	1.17	38460.00	212.65	1.361779e+05	1.611534e+00	6.322234e+00	17.55	4.566346e-08	4406	5.690e-03
135kHz_100dA_100Mss_PM319.txt	25/06/2024 16:37:36	9.3	7.32	1.27	38460.00	214.21	1.361779e+05	1.625752e+00	6.326049e+00	19.43	5.013007e-08	4406	5.770e-03
135kHz_100dA_100Mss_PM320.txt	25/06/2024 16:37:37	9.4	7.41	1.26	38460.00	217.87	1.361470e+05	1.651781e+00	6.324469e+00	19.01	4.827966e-08	4407	5.853e-03
135kHz_100dA_100Mss_PM321.txt	25/06/2024 16:37:37	9.4	6.30	1.14	38460.00	208.61	1.361470e+05	1.578404e+00	6.321458e+00	16.84	4.475512e-08	4407	5.521e-03
135kHz_100dA_100Mss_PM322.txt	25/06/2024 16:37:38	9.4	4.20	0.74	38460.00	212.91	1.361779e+05	1.600941e+00	6.309400e+00	11.71	3.064677e-08	4406	5.643e-03
135kHz_100dA_100Mss_PM323.txt	25/06/2024 16:37:39	9.5	7.24	1.31	38460.00	205.91	1.361470e+05	1.563363e+00	6.326323e+00	18.80	5.044983e-08	4407	5.522e-03
135kHz_100dA_100Mss_PM324.txt	25/06/2024 16:37:39	9.5	6.66	1.12	38460.00	219.88	1.361779e+05	1.658937e+00	6.319795e+00	16.94	4.280874e-08	4406	5.907e-03
135kHz_100dA_100Mss_PM325.txt	25/06/2024 16:37:40	9.5	7.36	1.26	38460.00	217.24	1.361779e+05	1.647908e+00	6.324047e+00	18.78	4.778475e-08	4406	5.856e-03
135kHz_100dA_100Mss_PM326.txt	25/06/2024 16:37:40	9.5	6.51	1.14	38460.00	213.82	1.361779e+05	1.617528e+00	6.320225e+00	16.71	4.331118e-08	4406	5.699e-03
135kHz_100dA_100Mss_PM327.txt	25/06/2024 16:37:41	9.6	6.61	1.13	38460.00	220.68	1.361779e+05	1.667601e+00	6.319556e+00	16.92	4.252827e-08	4406	5.845e-03
135kHz_100dA_100Mss_PM328.txt	25/06/2024 16:37:41	9.6	7.69	1.32	38460.00	217.55	1.361779e+05	1.651997e+00	6.326259e+00	19.84	5.037604e-08	4406	5.822e-03
135kHz_100dA_100Mss_PM329.txt	25/06/2024 16:37:42	9.7	7.27	1.29	38460.00	209.89	1.361470e+05	1.594762e+00	6.326703e+00	19.35	5.089554e-08	4407	5.628e-03
135kHz_100dA_100Mss_PM330.txt	25/06/2024 16:37:42	9.7	6.41	1.14	38460.00	211.69	1.361470e+05	1.602194e+00	6.320116e+00	16.50	4.318431e-08	4407	5.640e-03
135kHz_100dA_100Mss_PM331.txt	25/06/2024 16:37:43	9.8	6.48	1.10	38460.00	220.08	1.361779e+05	1.661486e+00	6.317484e+00	15.89	4.010401e-08	4406	5.890e-03
135kHz_100dA_100Mss_PM332.txt	25/06/2024 16:37:43	9.8	6.79	1.18	38460.00	216.40	1.361470e+05	1.638012e+00	6.321717e+00	17.60	4.505785e-08	4407	5.732e-03
135kHz_100dA_100Mss_PM333.txt	25/06/2024 16:37:44	9.9	6.96	1.20	38460.00	217.60	1.361779e+05	1.645843e+00	6.322895e+00	18.23	4.643674e-08	4406	5.802e-03
135kHz_100dA_100Mss_PM334.txt	25/06/2024 16:37:44	9.9	7.87	1.43	38460.00	204.50	1.361470e+05	1.558666e+00	6.331171e+00	20.85	5.612875e-08	4407	5.500e-03
135kHz_100dA_100Mss_PM335.txt	25/06/2024 16:37:45	9.9	5.56	0.99	38460.00	209.86	1.361470e+05	1.585721e+00	6.316312e+00	14.65	3.873201e-08	4407	5.589e-03
135kHz_100dA_100Mss_PM336.txt	25/06/2024 16:37:45	9.9	6.27	1.10	38460.00	213.76	1.361779e+05	1.616072e+00	6.319202e+00	16.23	4.211423e-08	4406	5.696e-03
135kHz_100dA_100Mss_PM337.txt	25/06/2024 16:37:46	9.9	6.63	1.15	38460.00	213.82	1.361779e+05	1.618726e+00	6.320270e+00	16.74	4.336370e-08	4406	5.752e-03
135kHz_100dA_100Mss_PM338.txt	25/06/2024 16:37:46	9.9	8.00	1.38	38460.00	217.37	1.361470e+05	1.650121e+00	6.327502e+00	20.39	5.183103e-08	4407	5.775e-03
135kHz_100dA_100Mss_PM339.txt	25/06/2024 16:37:47	10.0	5.84	1.04	38460.00	210.85	1.361470e+05	1.592060e+00	6.317325e+00	15.16	3.991785e-08	4407	5.609e-03
135kHz_100dA_100Mss_PM340.txt	25/06/2024 16:37:48	10.0	7.62	1.28	38460.00	223.05	1.361779e+05	1.687847e+00	6.323584e+00	19.02	4.724310e-08	4406	5.940e-03
135kHz_100dA_100Mss_PM341.txt	25/06/2024 16:37:48	10.0	6.72	1.14	38460.00	221.05	1.361470e+05	1.671371e+00	6.319322e+00	16.84	4.225442e-08	4407	5.918e-03
135kHz_100dA_100Mss_PM342.txt	25/06/2024 16:37:49	10.1	7.45	1.24	38460.00	224.05	1.361779e+05	1.696583e+00	6.322718e+00	18.71	4.622989e-08	4406	6.000e-03
135kHz_100dA_100Mss_PM343.txt	25/06/2024 16:37:50	10.2	5.71	0.98	38460.00	218.45	1.361470e+05	1.648499e+00	6.316117e+00	15.14	3.850349e-08	4407	5.795e-03
135kHz_100dA_100Mss_PM344.txt	25/06/2024 16:37:50	10.2	7.34	1.29	38460.00	214.28	1.361779e+05	1.623528e+00	6.324749e+00	18.82	4.860707e-08	4406	5.694e-03
135kHz_100dA_100Mss_PM345.txt	25/06/2024 16:37:51	10.2	6.61	1.17	38460.00	209.64	1.361470e+05	1.590271e+00	6.322560e+00	17.46	4.604532e-08	4407	5.625e-03
135kHz_100dA_100Mss_PM346.txt	25/06/2024 16:37:51	10.2	7.28	1.23	38460.00	220.27	1.361779e+05	1.668922e+00	6.323551e+00	18.79	4.720431e-08	4406	5.896e-03
135kHz_100dA_100Mss_PM347.txt	25/06/2024 16:37:52	10.2	7.69	1.30	38460.00	218.33	1.361470e+05	1.658873e+00	6.325838e+00	19.73	4.988187e-08	4407	5.900e-03
135kHz_100dA_100Mss_PM348.txt	25/06/2024 16:37:52	10.2	5.70	1.01	38460.00	212.21	1.361470e+05	1.602285e+00	6.316122e+00	14.72	3.851074e-08	4407	5.613e-03
135kHz_100dA_100Mss_PM349.txt	25/06/2024 16:37:53	10.3	4.98	0.89	38460.00	209.07	1.361779e+05	1.577569e+00	6.313397e+00	13.29	3.532163e-08	4406	5.586e-03
135kHz_100dA_100Mss_PM350.txt	25/06/2024 16:37:53	10.3	9.07	1.55	38460.00	217.52	1.361779e+05	1.657713e+00	6.333166e+00	23.10	5.846513e-08	4406	5.850e-03
135kHz_100dA_100Mss_PM351.txt	25/06/2024 16:37:54	10.4	7.68	1.33	38460.00	215.98	1.361470e+05	1.641906e+00	6.326410e+00	19.79	5.055144e-08	4407	5.794e-03
135kHz_100dA_100Mss_PM352.txt	25/06/2024 16:37:54	10.4	5.94	1.02	38460.00	218.15	1.361779e+05	1.645799e+00	6.317094e+00	15.57	3.964677e-08	4406	5.811e-03
135kHz_100dA_100Mss_PM353.txt	25/06/2024 16:37:55	10.4	8.81	1.49	38460.00	219.73	1.361779e+05	1.670792e+00	6.332540e+00	23.00	5.773237e-08	4406	5.895e-03
135kHz_100dA_100Mss_PM354.txt	25/06/2024 16:37:55	10.4	5.15	0.91	38460.00	213.71	1.361779e+05	1.609701e+00	6.312882e+00	13.33	3.471907e-08	4406	5.641e-03
135kHz_100dA_100Mss_PM355.txt	25/06/2024 16:37:56	10.5	6.69	1.16	38460.00	215.32	1.361470e+05	1.631292e+00	6.322260e+00	17.77	4.569253e-08	4407	5.734e-03
135kHz_100dA_100Mss_PM356.txt	25/06/2024 16:37:56	10.5	8.37	1.38	38460.00	225.40	1.361779e+05	1.710509e+00	6.327949e+00	21.35	5.235416e-08	4406	6.029e-03
135kHz_100dA_100Mss_PM357.txt	25/06/2024 16:37:57	10.5	6.87	1.17	38460.00	218.90	1.361779e+05	1.655586e+00	6.321310e+00	17.60	4.458026e-08	4406	5.880e-03
135kHz_100dA_100Mss_PM358.txt	25/06/2024 16:37:57	10.5	7.07	1.18	38460.00	224.25	1.361779e+05	1.694305e+00	6.321034e+00	17.89	4.425747e-08	4406	5.977e-03
135kHz_100dA_100Mss_PM359.txt	25/06/2024 16:37:58	10.6	8.59	1.42	38460.00	224.31	1.361779e+05	1.705593e+00	6.329972e+00	22.25	5.472230e-08	4406	6.031e-03
135kHz_100dA_100Mss_PM360.txt	25/06/2024 16:37:58	10.6	7.45	1.26	38460.00	219.54	1.361779e+05	1.664154e+00	6.324595e+00	19.22	4.842584e-08	4406	5.902e-03
135kHz_100dA_100Mss_PM361.txt	25/06/2024 16:37:59	10.6	7.04	1.19	38460.00	220.14	1.361779e+05	1.667951e+00	6.322556e+00	18.32	4.603935e-08	4406	5.902e-03
135kHz_100dA_100Mss_PM362.txt	25/06/2024 16:38:00	10.6	7.50	1.25	38460.00	224.02	1.361779e+05	1.698812e+00	6.324187e+00	19.43	4.794847e-08	4406	5.985e-03
135kHz_100dA_100Mss_PM363.txt	25/06/2024 16:38:00	10.6	8.98	1.48	38460.00	227.10	1.361779e+05	1.728005e+00	6.331497e+00	23.28	5.650831e-08	4406	6.062e-03
135kHz_100dA_100Mss_PM364.txt	25/06/2024 16:38:01	10.7	6.71	1.16	38460.00	215.46	1.361779e+05	1.633340e+00	6.321564e+00	17.48	4.487800e-08	4406	5.778e-03
135kHz_100dA_100Mss_PM365.txt	25/06/2024 16:38:01	10.7	6.59	1.11	38460.00	220.60	1.361779e+05	1.668204e+00	6.319230e+00	16.77	4.214602e-08	4406	5.915e-03
135kHz_100dA_100Mss_PM366.txt	25/06/2024 16:38:02	10.7	8.22	1.40	38460.00	218.98	1.361779e+05	1.664575e+00	6.329065e+00	21.30	5.365942e-08	4406	5.847e-03
135kHz_100dA_100Mss_PM367.txt	25/06/2024 16:38:02	10.7	7.72	1.24	38460.00	232.91	1.361779e+05	1.764720e+00	6.324186e+00	20.18	4.794718e-08	4406	6.225e-03
135kHz_100dA_100Mss_PM368.txt	25/06/2024 16:38:03	10.8	6.62	1.09	38460.00	226.04	1.361779e+05	1.708427e+00	6.318657e+00	16.90	4.147501e-08	4406	6.073e-03
135kHz_100dA_100Mss_PM369.txt	25/06/2024 16:38:03	10.8	8.29	1.37	38460.00	224.54	1.361470e+05	1.706255e+00	6.328428e+00	21.52	5.291378e-08	4407	6.022e-03
135kHz_100dA_100Mss_PM370.txt	25/06/2024 16:38:04	10.8	7.66	1.26	38460.00	228.18	1.361470e+05	1.729213e+00	6.324784e+00	20.06	4.864707e-08	4407	6.068e-03
135kHz_100dA_100Mss_PM371.txt	25/06/2024 16:38:04	10.8	7.13	1.23	38460.00	216.56	1.361779e+05	1.640523e+00	6.323843e+00	18.60	4.754620e-08	4406	5.789e-03
135kHz_100dA_100Mss_PM372.txt	25/06/2024 16:38:05	10.9	6.88	1.16	38460.00	222.88	1.361779e+05	1.685440e+00	6.321332e+00	17.93	4.460627e-08	4406	5.897e-03
135kHz_100dA_100Mss_PM373.txt	25/06/2024 16:38:05	10.9	7.42	1.29	38460.00	216.54	1.361779e+05	1.644102e+00	6.326047e+00	19.65	5.012569e-08	4406	5.751e-03
135kHz_100dA_100Mss_PM374.txt	25/06/2024 16:38:06	11.0	6.59	1.11	38460.00	220.31	1.361470e+05	1.667863e+00	6.320468e+00	17.34	4.359461e-08	4407	5.902e-03
135kHz_100dA_100Mss_PM375.txt	25/06/2024 16:38:06	11.0	5.89	0.97	38460.00	227.96	1.361470e+05	1.718855e+00	6.315401e+00	15.44	3.766519e-08	4407	6.047e-03
135kHz_100dA_100Mss_PM376.txt	25/06/2024 16:38:07	11.0	6.68	1.12	38460.00	223.34	1.361779e+05	1.687724e+00	6.319396e+00	17.05	4.234033e-08	4406	5.980e-03
135kHz_100dA_100Mss_PM377.txt	25/06/2024 16:38:07	11.0	7.27	1.18	38460.00	227.89	1.361779e+05	1.725044e+00	6.322298e+00	18.82	4.573617e-08	4406	6.129e-03
135kHz_100dA_100Mss_PM378.txt	25/06/2024 16:38:08	11.0	7.68	1.26	38460.00	226.02	1.361779e+05	1.712481e+00	6.324314e+00	19.64	4.809721e-08	4406	6.102e-03
135kHz_100dA_100Mss_PM379.txt	25/06/2024 16:38:08	11.0	6.55	1.07	38460.00	229.91	1.361779e+05	1.736827e+00	6.316994e+00	16.38	3.952971e-08	4406	6.112e-03
135kHz_100dA_100Mss_PM380.txt	25/06/2024 16:38:10	11.1	7.91	1.30	38460.00	227.09	1.361779e+05	1.721048e+00	6.325228e+00	20.18	4.916742e-08	4406	6.083e-03
135kHz_100dA_100Mss_PM381.txt	25/06/2024 16:38:10	11.1	8.40	1.38	38460.00	225.46	1.361779e+05	1.714686e+00	6.327769e+00	21.32	5.214188e-08	4406	6.067e-03
135kHz_100dA_100Mss_PM382.txt	25/06/2024 16:38:11	11.2	8.34	1.41	38460.00	218.78	1.361779e+05	1.665472e+00	6.329523e+00	21.52	5.419571e-08	4406	5.893e-03
135kHz_100dA_100Mss_PM383.txt	25/06/2024 16:38:11	11.2	7.58	1.29	38460.00	217.64	1.361779e+05	1.654895e+00	6.326693e+00	20.08	5.088194e-08	4406	5.848e-03
135kHz_100dA_100Mss_PM384.txt	25/06/2024 16:38:12	11.2	7.82	1.29	38460.00	224.94	1.361779e+05	1.706962e+00	6.325695e+00	20.24	4.971417e-08	4406	6.038e-03
135kHz_100dA_100Mss_PM385.txt	25/06/2024 16:38:12	11.2	8.67	1.45	38460.00	221.27	1.361470e+05	1.684491e+00	6.330617e+00	22.28	5.547829e-08	4407	5.960e-03
135kHz_100dA_100Mss_PM386.txt	25/06/2024 16:38:13	11.3	8.71	1.46	38460.00	221.09	1.361470e+05	1.682642e+00	6.331073e+00	22.47	5.601223e-08	4407	5.929e-03
135kHz_100dA_100Mss_PM387.txt	25/06/2024 16:38:13	11.3	6.37	1.09	38460.00	218.68	1.361779e+05	1.653472e+00	6.319015e+00	16.52	4.189388e-08	4406	5.823e-03
135kHz_100dA_100Mss_PM388.txt	25/06/2024 16:38:14	11.3	8.14	1.31	38460.00	232.60	1.361470e+05	1.761295e+00	6.324550e+00	20.31	4.837305e-08	4407	6.226e-03
135kHz_100dA_100Mss_PM389.txt	25/06/2024 16:38:14	11.3	6.63	1.16	38460.00	215.71	1.361779e+05	1.633243e+00	6.322060e+00	17.71	4.545733e-08	4406	5.721e-03
135kHz_100dA_100Mss_PM390.txt	25/06/2024 16:38:15	11.4	7.46	1.26	38460.00	222.31	1.361779e+05	1.685951e+00	6.325194e+00	19.75	4.912707e-08	4406	5.917e-03
135kHz_100dA_100Mss_PM391.txt	25/06/2024 16:38:15	11.4	5.91	1.01	38460.00	220.65	1.361779e+05	1.666571e+00	6.317241e+00	15.83	3.981780e-08	4406	5.840e-03
135kHz_100dA_100Mss_PM392.txt	25/06/2024 16:38:16	11.4	7.06	1.20	38460.00	219.72	1.361470e+05	1.667769e+00	6.323872e+00	18.92	4.757930e-08	4407	5.893e-03
135kHz_100dA_100Mss_PM393.txt	25/06/2024 16:38:16	11.4	7.30	1.22	38460.00	224.23	1.361779e+05	1.697668e+00	6.322249e+00	18.50	4.567897e-08	4406	5.997e-03
135kHz_100dA_100Mss_PM394.txt	25/06/2024 16:38:17	11.5	6.19	1.07	38460.00	217.93	1.361779e+05	1.647895e+00	6.318629e+00	16.29	4.144177e-08	4406	5.794e-03
135kHz_100dA_100Mss_PM395.txt	25/06/2024 16:38:17	11.5	6.34	1.04	38460.00	227.89	1.361779e+05	1.722509e+00	6.317502e+00	16.49	4.012403e-08	4406	6.102e-03
135kHz_100dA_100Mss_PM396.txt	25/06/2024 16:38:18	11.6	6.48	1.10	38460.00	218.17	1.361779e+05	1.652536e+00	6.319482e+00	16.73	4.244105e-08	4406	5.892e-03
135kHz_100dA_100Mss_PM397.txt	25/06/2024 16:38:18	11.6	6.19	1.00	38460.00	232.55	1.361779e+05	1.754648e+00	6.315430e+00	15.78	3.769945e-08	4406	6.180e-03
135kHz_100dA_100Mss_PM398.txt	25/06/2024 16:38:19	11.6	5.64	0.92	38460.00	229.91	1.361779e+05	1.730745e+00	6.313146e+00	14.46	3.502776e-08	4406	6.106e-03
135kHz_100dA_100Mss_PM399.txt	25/06/2024 16:38:20	11.7	8.43	1.41	38460.00	223.64	1.361470e+05	1.701218e+00	6.328770e+00	21.62	5.331375e-08	4407	5.977e-03
135kHz_100dA_100Mss_PM400.txt	25/06/2024 16:38:20	11.7	6.84	1.16	38460.00	220.79	1.361779e+05	1.673338e+00	6.321811e+00	18.03	4.516576e-08	4406	5.889e-03
135kHz_100dA_100Mss_PM401.txt	25/06/2024 16:38:21	11.7	6.09	1.03	38460.00	218.68	1.361779e+05	1.655145e+00	6.317783e+00	15.97	4.045119e-08	4406	5.897e-03
135kHz_100dA_100Mss_PM402.txt	25/06/2024 16:38:21	11.7	7.81	1.27	38460.00	228.30	1.361779e+05	1.732128e+00	6.324695e+00	20.05	4.854156e-08	4406	6.117e-03
135kHz_100dA_100Mss_PM403.txt	25/06/2024 16:38:22	11.8	7.67	1.23	38460.00	230.05	1.361779e+05	1.743044e+00	6.323172e+00	19.44	4.675899e-08	4406	6.232e-03
135kHz_100dA_100Mss_PM404.txt	25/06/2024 16:38:22	11.8	8.03	1.30	38460.00	229.94	1.361779e+05	1.742841e+00	6.324128e+00	19.90	4.787839e-08	4406	6.169e-03
135kHz_100dA_100Mss_PM405.txt	25/06/2024 16:38:23	11.8	6.57	1.09	38460.00	227.67	1.361779e+05	1.721279e+00	6.318447e+00	16.93	4.122947e-08	4406	6.046e-03
135kHz_100dA_100Mss_PM406.txt	25/06/2024 16:38:23	11.8	6.37	1.04	38460.00	228.29	1.361779e+05	1.727134e+00	6.317714e+00	16.63	4.037063e-08	4406	6.097e-03
135kHz_100dA_100Mss_PM407.txt	25/06/2024 16:38:24	11.8	7.07	1.15	38460.00	228.45	1.361779e+05	1.727803e+00	6.321654e+00	18.54	4.498304e-08	4406	6.111e-03
135kHz_100dA_100Mss_PM408.txt	25/06/2024 16:38:24	11.8	7.51	1.24	38460.00	224.46	1.361779e+05	1.703124e+00	6.323960e+00	19.37	4.768153e-08	4406	6.054e-03
135kHz_100dA_100Mss_PM409.txt	25/06/2024 16:38:25	11.9	6.50	1.05	38460.00	232.67	1.361779e+05	1.757267e+00	6.317718e+00	16.93	4.037644e-08	4406	6.196e-03
135kHz_100dA_100Mss_PM410.txt	25/06/2024 16:38:25	11.9	7.92	1.22	38460.00	242.21	1.361779e+05	1.834002e+00	6.323438e+00	20.59	4.707096e-08	4406	6.479e-03
135kHz_100dA_100Mss_PM411.txt	25/06/2024 16:38:26	11.9	7.37	1.22	38460.00	225.27	1.361779e+05	1.706841e+00	6.322710e+00	18.82	4.621879e-08	4406	6.034e-03
135kHz_100dA_100Mss_PM412.txt	25/06/2024 16:38:26	11.9	6.70	1.13	38460.00	219.92	1.361779e+05	1.667235e+00	6.321772e+00	17.94	4.512023e-08	4406	5.904e-03
135kHz_100dA_100Mss_PM413.txt	25/06/2024 16:38:27	11.9	8.83	1.40	38460.00	236.51	1.361779e+05	1.795366e+00	6.327647e+00	22.26	5.199885e-08	4406	6.299e-03
135kHz_100dA_100Mss_PM414.txt	25/06/2024 16:38:27	11.9	7.56	1.21	38460.00	232.74	1.361779e+05	1.763190e+00	6.322840e+00	19.50	4.637111e-08	4406	6.260e-03
135kHz_100dA_100Mss_PM415.txt	25/06/2024 16:38:28	12.0	8.24	1.37	38460.00	223.14	1.361779e+05	1.698646e+00	6.328897e+00	21.65	5.346296e-08	4406	5.994e-03
135kHz_100dA_100Mss_PM416.txt	25/06/2024 16:38:28	12.0	8.67	1.40	38460.00	229.62	1.361779e+05	1.746650e+00	6.329154e+00	22.39	5.376387e-08	4406	6.178e-03
135kHz_100dA_100Mss_PM417.txt	25/06/2024 16:38:29	12.1	8.14	1.35	38460.00	223.89	1.361779e+05	1.700236e+00	6.327059e+00	20.80	5.130949e-08	4406	6.016e-03
135kHz_100dA_100Mss_PM418.txt	25/06/2024 16:38:30	12.1	8.42	1.33	38460.00	236.37	1.361779e+05	1.791582e+00	6.327134e+00	21.96	5.139900e-08	4406	6.288e-03
135kHz_100dA_100Mss_PM419.txt	25/06/2024 16:38:30	12.1	7.37	1.21	38460.00	224.72	1.361779e+05	1.703164e+00	6.322596e+00	18.72	4.608542e-08	4406	6.073e-03
135kHz_100dA_100Mss_PM420.txt	25/06/2024 16:38:31	12.2	8.91	1.44	38460.00	230.85	1.361779e+05	1.754380e+00	6.329756e+00	22.78	5.446883e-08	4406	6.189e-03
135kHz_100dA_100Mss_PM421.txt	25/06/2024 16:38:31	12.2	7.20	1.16	38460.00	232.35	1.361779e+05	1.758396e+00	6.321247e+00	18.67	4.450647e-08	4406	6.178e-03
135kHz_100dA_100Mss_PM422.txt	25/06/2024 16:38:32	12.2	7.40	1.21	38460.00	230.69	1.361779e+05	1.748043e+00	6.322317e+00	19.08	4.575870e-08	4406	6.127e-03
135kHz_100dA_100Mss_PM423.txt	25/06/2024 16:38:33	12.2	6.98	1.13	38460.00	230.98	1.361779e+05	1.745236e+00	6.320008e+00	17.92	4.305650e-08	4406	6.146e-03
135kHz_100dA_100Mss_PM424.txt	25/06/2024 16:38:33	12.2	7.76	1.27	38460.00	227.05	1.361470e+05	1.724542e+00	6.325691e+00	20.44	4.970848e-08	4407	6.089e-03
135kHz_100dA_100Mss_PM425.txt	25/06/2024 16:38:34	12.3	7.83	1.25	38460.00	234.54	1.361779e+05	1.776948e+00	6.324316e+00	20.38	4.809856e-08	4406	6.258e-03
135kHz_100dA_100Mss_PM426.txt	25/06/2024 16:38:34	12.3	7.86	1.24	38460.00	236.03	1.361779e+05	1.783480e+00	6.323277e+00	19.94	4.688273e-08	4406	6.302e-03
135kHz_100dA_100Mss_PM427.txt	25/06/2024 16:38:35	12.3	6.83	1.13	38460.00	225.21	1.361779e+05	1.706002e+00	6.320311e+00	17.67	4.341065e-08	4406	6.022e-03
135kHz_100dA_100Mss_PM428.txt	25/06/2024 16:38:35	12.3	8.42	1.32	38460.00	237.89	1.361470e+05	1.804554e+00	6.325867e+00	21.48	4.991502e-08	4407	6.377e-03
135kHz_100dA_100Mss_PM429.txt	25/06/2024 16:38:36	12.4	7.01	1.16	38460.00	223.99	1.361470e+05	1.699362e+00	6.321904e+00	18.35	4.527514e-08	4407	6.033e-03
135kHz_100dA_100Mss_PM430.txt	25/06/2024 16:38:36	12.4	6.77	1.09	38460.00	231.26	1.361779e+05	1.751267e+00	6.319353e+00	17.67	4.228920e-08	4406	6.233e-03
135kHz_100dA_100Mss_PM431.txt	25/06/2024 16:38:37	12.4	7.44	1.14	38460.00	243.17	1.361470e+05	1.838371e+00	6.319603e+00	18.67	4.258172e-08	4407	6.526e-03
135kHz_100dA_100Mss_PM432.txt	25/06/2024 16:38:37	12.4	7.32	1.19	38460.00	229.99	1.361779e+05	1.742656e+00	6.322626e+00	19.17	4.611994e-08	4406	6.164e-03
135kHz_100dA_100Mss_PM433.txt	25/06/2024 16:38:38	12.5	7.71	1.19	38460.00	242.02	1.361779e+05	1.832049e+00	6.323025e+00	20.36	4.658698e-08	4406	6.459e-03
135kHz_100dA_100Mss_PM434.txt	25/06/2024 16:38:38	12.5	7.33	1.21	38460.00	225.47	1.361779e+05	1.707478e+00	6.323533e+00	19.21	4.718149e-08	4406	6.033e-03
135kHz_100dA_100Mss_PM435.txt	25/06/2024 16:38:39	12.5	6.00	0.99	38460.00	226.59	1.361779e+05	1.712311e+00	6.316847e+00	16.08	3.935719e-08	4406	6.017e-03
135kHz_100dA_100Mss_PM436.txt	25/06/2024 16:38:39	12.5	6.52	1.06	38460.00	229.75	1.361779e+05	1.735955e+00	6.317786e+00	16.75	4.045528e-08	4406	6.123e-03
135kHz_100dA_100Mss_PM437.txt	25/06/2024 16:38:40	12.5	6.84	1.11	38460.00	229.85	1.361779e+05	1.740991e+00	6.319334e+00	17.55	4.226667e-08	4406	6.155e-03
135kHz_100dA_100Mss_PM438.txt	25/06/2024 16:38:41	12.6	6.12	0.96	38460.00	240.08	1.361779e+05	1.810291e+00	6.315420e+00	16.28	3.768703e-08	4406	6.389e-03
135kHz_100dA_100Mss_PM439.txt	25/06/2024 16:38:41	12.6	7.90	1.29	38460.00	228.49	1.361779e+05	1.733099e+00	6.325750e+00	20.57	4.977777e-08	4406	6.114e-03
135kHz_100dA_100Mss_PM440.txt	25/06/2024 16:38:42	12.6	8.29	1.32	38460.00	233.35	1.361779e+05	1.770544e+00	6.326687e+00	21.48	5.087427e-08	4406	6.256e-03
135kHz_100dA_100Mss_PM441.txt	25/06/2024 16:38:42	12.6	8.54	1.36	38460.00	234.23	1.361779e+05	1.779144e+00	6.327450e+00	21.96	5.176850e-08	4406	6.267e-03
135kHz_100dA_100Mss_PM442.txt	25/06/2024 16:38:43	12.7	8.42	1.30	38460.00	241.99	1.361779e+05	1.832450e+00	6.324937e+00	21.34	4.882559e-08	4406	6.450e-03
135kHz_100dA_100Mss_PM443.txt	25/06/2024 16:38:43	12.7	7.70	1.23	38460.00	232.06	1.361779e+05	1.759345e+00	6.323669e+00	19.86	4.734093e-08	4406	6.221e-03
135kHz_100dA_100Mss_PM444.txt	25/06/2024 16:38:44	12.7	7.76	1.26	38460.00	228.56	1.361779e+05	1.734773e+00	6.325032e+00	20.25	4.893689e-08	4406	6.125e-03
135kHz_100dA_100Mss_PM445.txt	25/06/2024 16:38:44	12.7	7.45	1.19	38460.00	233.56	1.361779e+05	1.769905e+00	6.322265e+00	19.29	4.569713e-08	4406	6.257e-03
135kHz_100dA_100Mss_PM446.txt	25/06/2024 16:38:45	12.7	7.22	1.20	38460.00	225.07	1.361779e+05	1.706107e+00	6.322827e+00	18.86	4.635425e-08	4406	6.023e-03
135kHz_100dA_100Mss_PM447.txt	25/06/2024 16:38:45	12.7	6.44	1.06	38460.00	229.27	1.361779e+05	1.732451e+00	6.317959e+00	16.80	4.065740e-08	4406	6.074e-03
135kHz_100dA_100Mss_PM448.txt	25/06/2024 16:38:46	12.8	7.68	1.25	38460.00	228.63	1.361779e+05	1.733959e+00	6.324386e+00	19.92	4.817962e-08	4406	6.133e-03
135kHz_100dA_100Mss_PM449.txt	25/06/2024 16:38:46	12.8	7.23	1.18	38460.00	226.28	1.361779e+05	1.715640e+00	6.321871e+00	18.51	4.523463e-08	4406	6.118e-03
135kHz_100dA_100Mss_PM450.txt	25/06/2024 16:38:47	12.8	8.49	1.34	38460.00	236.74	1.361779e+05	1.796181e+00	6.326313e+00	21.60	5.043441e-08	4406	6.337e-03
135kHz_100dA_100Mss_PM451.txt	25/06/2024 16:38:47	12.8	7.20	1.18	38460.00	228.12	1.361779e+05	1.727418e+00	6.321661e+00	18.54	4.498852e-08	4406	6.109e-03
135kHz_100dA_100Mss_PM452.txt	25/06/2024 16:38:48	12.9	7.16	1.18	38460.00	226.94	1.361779e+05	1.720441e+00	6.321414e+00	18.34	4.470013e-08	4406	6.080e-03
135kHz_100dA_100Mss_PM453.txt	25/06/2024 16:38:48	12.9	8.07	1.29	38460.00	232.60	1.361779e+05	1.764224e+00	6.325314e+00	20.73	4.926498e-08	4406	6.230e-03
135kHz_100dA_100Mss_PM454.txt	25/06/2024 16:38:49	13.0	8.92	1.41	38460.00	235.15	1.361779e+05	1.788196e+00	6.329901e+00	23.30	5.463622e-08	4406	6.321e-03
135kHz_100dA_100Mss_PM455.txt	25/06/2024 16:38:49	13.0	7.17	1.19	38460.00	226.33	1.361779e+05	1.715280e+00	6.322670e+00	18.89	4.617019e-08	4406	6.036e-03
135kHz_100dA_100Mss_PM456.txt	25/06/2024 16:38:50	12.9	7.06	1.17	38460.00	224.93	1.361779e+05	1.704993e+00	6.321189e+00	18.07	4.443562e-08	4406	6.058e-03
135kHz_100dA_100Mss_PM457.txt	25/06/2024 16:38:51	13.1	7.09	1.15	38460.00	230.39	1.361779e+05	1.743766e+00	6.320512e+00	18.15	4.364388e-08	4406	6.152e-03
135kHz_100dA_100Mss_PM458.txt	25/06/2024 16:38:51	13.1	7.34	1.21	38460.00	226.94	1.361779e+05	1.720393e+00	6.322248e+00	18.74	4.567599e-08	4406	6.073e-03
135kHz_100dA_100Mss_PM459.txt	25/06/2024 16:38:52	13.1	6.43	1.08	38460.00	222.66	1.361779e+05	1.684353e+00	6.319343e+00	16.99	4.227541e-08	4406	5.945e-03
135kHz_100dA_100Mss_PM460.txt	25/06/2024 16:38:52	13.1	7.10	1.20	38460.00	222.56	1.361779e+05	1.685898e+00	6.322499e+00	18.49	4.596901e-08	4406	5.914e-03
135kHz_100dA_100Mss_PM461.txt	25/06/2024 16:38:53	13.1	6.03	1.03	38460.00	219.89	1.361779e+05	1.663825e+00	6.317663e+00	16.00	4.030889e-08	4406	5.860e-03
135kHz_100dA_100Mss_PM462.txt	25/06/2024 16:38:53	13.1	7.12	1.22	38460.00	218.63	1.362089e+05	1.657630e+00	6.322776e+00	18.31	4.629284e-08	4405	5.835e-03
135kHz_100dA_100Mss_PM463.txt	25/06/2024 16:38:54	13.1	7.06	1.21	38460.00	217.64	1.361779e+05	1.650424e+00	6.322941e+00	18.30	4.648637e-08	4406	5.816e-03
135kHz_100dA_100Mss_PM464.txt	25/06/2024 16:38:54	13.1	7.71	1.27	38460.00	226.83	1.361779e+05	1.719789e+00	6.324170e+00	19.66	4.792536e-08	4406	6.058e-03
135kHz_100dA_100Mss_PM465.txt	25/06/2024 16:38:55	13.2	7.17	1.19	38460.00	225.94	1.361779e+05	1.711037e+00	6.322697e+00	18.86	4.620038e-08	4406	6.029e-03
135kHz_100dA_100Mss_PM466.txt	25/06/2024 16:38:55	13.2	8.61	1.43	38460.00	222.71	1.362089e+05	1.695973e+00	6.330128e+00	22.21	5.490107e-08	4405	6.015e-03
135kHz_100dA_100Mss_PM467.txt	25/06/2024 16:38:56	13.2	7.02	1.19	38460.00	220.24	1.361779e+05	1.668480e+00	6.321575e+00	17.86	4.488685e-08	4406	5.895e-03
135kHz_100dA_100Mss_PM468.txt	25/06/2024 16:38:57	13.3	6.14	1.02	38460.00	224.92	1.361779e+05	1.700012e+00	6.318627e+00	16.81	4.143788e-08	4406	5.985e-03
135kHz_100dA_100Mss_PM469.txt	25/06/2024 16:38:57	13.3	6.13	1.02	38460.00	224.73	1.361779e+05	1.700906e+00	6.316693e+00	15.90	3.917460e-08	4406	6.028e-03
135kHz_100dA_100Mss_PM470.txt	25/06/2024 16:38:58	13.3	6.75	1.10	38460.00	228.96	1.361779e+05	1.733286e+00	6.320565e+00	18.07	4.370570e-08	4406	6.130e-03
135kHz_100dA_100Mss_PM471.txt	25/06/2024 16:38:58	13.3	6.78	1.11	38460.00	228.17	1.361779e+05	1.725378e+00	6.319434e+00	17.44	4.238161e-08	4406	6.093e-03
135kHz_100dA_100Mss_PM472.txt	25/06/2024 16:38:59	13.3	6.48	1.11	38460.00	218.63	1.361779e+05	1.654975e+00	6.319673e+00	16.84	4.266197e-08	4406	5.820e-03
135kHz_100dA_100Mss_PM473.txt	25/06/2024 16:38:59	13.3	7.14	1.24	38460.00	213.79	1.361779e+05	1.623432e+00	6.324697e+00	18.79	4.854113e-08	4406	5.739e-03
135kHz_100dA_100Mss_PM474.txt	25/06/2024 16:39:00	13.4	7.23	1.21	38460.00	223.09	1.361779e+05	1.691890e+00	6.322946e+00	18.76	4.649155e-08	4406	5.968e-03
135kHz_100dA_100Mss_PM475.txt	25/06/2024 16:39:01	13.4	6.19	1.11	38460.00	209.05	1.361779e+05	1.584304e+00	6.321225e+00	16.81	4.447761e-08	4406	5.576e-03
135kHz_100dA_100Mss_PM476.txt	25/06/2024 16:39:01	13.4	7.40	1.22	38460.00	225.77	1.361779e+05	1.710562e+00	6.323282e+00	19.13	4.688512e-08	4406	6.065e-03
135kHz_100dA_100Mss_PM477.txt	25/06/2024 16:39:02	13.5	6.04	1.02	38460.00	222.75	1.362089e+05	1.680242e+00	6.316466e+00	15.60	3.890868e-08	4405	5.905e-03
135kHz_100dA_100Mss_PM478.txt	25/06/2024 16:39:02	13.5	7.28	1.29	38460.00	210.96	1.361779e+05	1.603311e+00	6.326837e+00	19.52	5.104686e-08	4406	5.638e-03
135kHz_100dA_100Mss_PM479.txt	25/06/2024 16:39:03	13.5	5.85	1.01	38460.00	215.60	1.361779e+05	1.633984e+00	6.318112e+00	15.92	4.083520e-08	4406	5.776e-03
135kHz_100dA_100Mss_PM480.txt	25/06/2024 16:39:03	13.5	6.04	1.04	38460.00	216.08	1.361779e+05	1.634589e+00	6.318603e+00	16.15	4.140949e-08	4406	5.791e-03
135kHz_100dA_100Mss_PM481.txt	25/06/2024 16:39:04	13.6	6.78	1.15	38460.00	219.41	1.361779e+05	1.663999e+00	6.321818e+00	17.93	4.517178e-08	4406	5.881e-03
135kHz_100dA_100Mss_PM482.txt	25/06/2024 16:39:04	13.6	5.41	0.94	38460.00	214.39	1.361779e+05	1.621740e+00	6.316546e+00	15.09	3.900257e-08	4406	5.716e-03
135kHz_100dA_100Mss_PM483.txt	25/06/2024 16:39:05	13.6	5.54	1.00	38460.00	206.98	1.362089e+05	1.569600e+00	6.317336e+00	14.95	3.992701e-08	4405	5.541e-03
135kHz_100dA_100Mss_PM484.txt	25/06/2024 16:39:05	13.6	5.90	1.05	38460.00	209.57	1.362089e+05	1.586097e+00	6.318205e+00	15.50	4.094393e-08	4405	5.632e-03
135kHz_100dA_100Mss_PM485.txt	25/06/2024 16:39:06	13.6	7.29	1.18	38460.00	229.73	1.361779e+05	1.741581e+00	6.322294e+00	19.00	4.572935e-08	4406	6.165e-03
135kHz_100dA_100Mss_PM486.txt	25/06/2024 16:39:06	13.6	6.77	1.17	38460.00	216.47	1.361779e+05	1.643495e+00	6.322227e+00	17.90	4.564987e-08	4406	5.806e-03
135kHz_100dA_100Mss_PM487.txt	25/06/2024 16:39:07	13.6	5.92	1.02	38460.00	219.81	1.361779e+05	1.664007e+00	6.317270e+00	15.82	3.984950e-08	4406	5.828e-03
135kHz_100dA_100Mss_PM488.txt	25/06/2024 16:39:07	13.6	6.12	1.01	38460.00	226.08	1.362089e+05	1.709625e+00	6.317353e+00	16.30	3.994720e-08	4405	6.029e-03
135kHz_100dA_100Mss_PM489.txt	25/06/2024 16:39:08	13.7	5.64	0.96	38460.00	219.99	1.362089e+05	1.662058e+00	6.316215e+00	15.32	3.861542e-08	4405	5.855e-03
135kHz_100dA_100Mss_PM490.txt	25/06/2024 16:39:08	13.7	7.34	1.24	38460.00	218.33	1.361779e+05	1.660849e+00	6.325417e+00	19.56	4.938519e-08	4406	5.898e-03
135kHz_100dA_100Mss_PM491.txt	25/06/2024 16:39:09	13.7	5.83	0.99	38460.00	219.53	1.361779e+05	1.660252e+00	6.316851e+00	15.59	3.935891e-08	4406	5.868e-03
135kHz_100dA_100Mss_PM492.txt	25/06/2024 16:39:09	13.7	6.57	1.09	38460.00	224.76	1.362089e+05	1.701373e+00	6.319008e+00	17.00	4.188368e-08	4405	6.034e-03
135kHz_100dA_100Mss_PM493.txt	25/06/2024 16:39:10	13.8	5.78	1.00	38460.00	216.39	1.361779e+05	1.638228e+00	6.317816e+00	15.82	4.048797e-08	4406	5.755e-03
135kHz_100dA_100Mss_PM494.txt	25/06/2024 16:39:11	13.8	7.37	1.26	38460.00	218.58	1.362089e+05	1.661184e+00	6.325263e+00	19.50	4.920421e-08	4405	5.850e-03
135kHz_100dA_100Mss_PM495.txt	25/06/2024 16:39:11	13.8	7.07	1.21	38460.00	218.25	1.361779e+05	1.656457e+00	6.323902e+00	18.81	4.761085e-08	4406	5.843e-03
135kHz_100dA_100Mss_PM496.txt	25/06/2024 16:39:12	13.8	7.48	1.28	38460.00	216.94	1.361779e+05	1.648669e+00	6.324857e+00	19.16	4.872863e-08	4406	5.856e-03
135kHz_100dA_100Mss_PM497.txt	25/06/2024 16:39:12	13.8	7.32	1.27	38460.00	212.72	1.361779e+05	1.619156e+00	6.325867e+00	19.27	4.991071e-08	4406	5.746e-03
135kHz_100dA_100Mss_PM498.txt	25/06/2024 16:39:13	13.9	6.47	1.10	38460.00	223.07	1.361779e+05	1.686859e+00	6.319621e+00	17.14	4.259936e-08	4406	5.903e-03
135kHz_100dA_100Mss_PM499.txt	25/06/2024 16:39:13	13.9	5.66	0.96	38460.00	220.16	1.362089e+05	1.663578e+00	6.315386e+00	14.94	3.764400e-08	4405	5.870e-03
135kHz_100dA_100Mss_PM500.txt	25/06/2024 16:39:14	13.9	5.56	0.95	38460.00	217.79	1.362089e+05	1.646014e+00	6.315568e+00	14.87	3.785745e-08	4405	5.837e-03
135kHz_100dA_100Mss_PM501.txt	25/06/2024 16:39:14	13.9	3.80	0.68	38460.00	212.31	1.362089e+05	1.596940e+00	6.307205e+00	10.70	2.807630e-08	4405	5.631e-03
135kHz_100dA_100Mss_PM502.txt	25/06/2024 16:39:15	13.9	6.89	1.19	38460.00	217.30	1.362089e+05	1.647739e+00	6.323030e+00	18.31	4.658996e-08	4405	5.797e-03
135kHz_100dA_100Mss_PM503.txt	25/06/2024 16:39:15	13.9	6.31	1.13	38460.00	208.06	1.361779e+05	1.578306e+00	6.321489e+00	16.86	4.478572e-08	4406	5.563e-03
135kHz_100dA_100Mss_PM504.txt	25/06/2024 16:39:16	14.0	5.24	0.93	38460.00	212.08	1.361779e+05	1.602567e+00	6.314725e+00	14.10	3.687098e-08	4406	5.639e-03
135kHz_100dA_100Mss_PM505.txt	25/06/2024 16:39:16	14.0	6.16	1.05	38460.00	218.48	1.362089e+05	1.654219e+00	6.319122e+00	16.58	4.201536e-08	4405	5.832e-03
135kHz_100dA_100Mss_PM506.txt	25/06/2024 16:39:17	14.0	7.39	1.23	38460.00	225.57	1.362089e+05	1.710947e+00	6.323112e+00	19.06	4.668556e-08	4405	6.003e-03
135kHz_100dA_100Mss_PM507.txt	25/06/2024 16:39:17	14.0	7.79	1.32	38460.00	219.54	1.362089e+05	1.667815e+00	6.325960e+00	19.90	5.002031e-08	4405	5.884e-03
135kHz_100dA_100Mss_PM508.txt	25/06/2024 16:39:18	14.0	5.68	0.96	38460.00	220.78	1.361779e+05	1.666293e+00	6.315243e+00	14.90	3.747788e-08	4406	5.884e-03
135kHz_100dA_100Mss_PM509.txt	25/06/2024 16:39:18	14.0	6.34	1.09	38460.00	217.62	1.361779e+05	1.646848e+00	6.319174e+00	16.53	4.207764e-08	4406	5.816e-03
135kHz_100dA_100Mss_PM510.txt	25/06/2024 16:39:19	14.1	6.36	1.12	38460.00	210.70	1.361779e+05	1.598748e+00	6.321183e+00	16.94	4.442794e-08	4406	5.656e-03
135kHz_100dA_100Mss_PM511.txt	25/06/2024 16:39:19	14.1	7.68	1.31	38460.00	217.38	1.361779e+05	1.651382e+00	6.325802e+00	19.63	4.983539e-08	4406	5.864e-03
135kHz_100dA_100Mss_PM512.txt	25/06/2024 16:39:20	14.2	5.84	1.02	38460.00	214.45	1.362089e+05	1.622060e+00	6.317357e+00	15.46	3.995115e-08	4405	5.717e-03
135kHz_100dA_100Mss_PM513.txt	25/06/2024 16:39:21	14.2	5.56	0.96	38460.00	216.45	1.361779e+05	1.633746e+00	6.314715e+00	14.37	3.685949e-08	4406	5.783e-03
135kHz_100dA_100Mss_PM514.txt	25/06/2024 16:39:21	14.2	6.25	1.08	38460.00	215.31	1.361779e+05	1.629753e+00	6.319188e+00	16.37	4.209403e-08	4406	5.760e-03
135kHz_100dA_100Mss_PM515.txt	25/06/2024 16:39:22	14.2	6.09	1.06	38460.00	215.51	1.361779e+05	1.631252e+00	6.318507e+00	16.07	4.129603e-08	4406	5.734e-03
135kHz_100dA_100Mss_PM516.txt	25/06/2024 16:39:22	14.2	4.03	0.70	38460.00	217.94	1.362089e+05	1.637361e+00	6.307352e+00	11.04	2.824888e-08	4405	5.783e-03
135kHz_100dA_100Mss_PM517.txt	25/06/2024 16:39:23	14.2	6.24	1.05	38460.00	222.86	1.361779e+05	1.685909e+00	6.319334e+00	17.00	4.226372e-08	4406	5.919e-03
135kHz_100dA_100Mss_PM518.txt	25/06/2024 16:39:23	14.2	6.55	1.09	38460.00	223.16	1.361779e+05	1.690694e+00	6.319950e+00	17.34	4.298516e-08	4406	5.982e-03
135kHz_100dA_100Mss_PM519.txt	25/06/2024 16:39:24	14.3	7.34	1.23	38460.00	221.65	1.362089e+05	1.682499e+00	6.323566e+00	18.95	4.721648e-08	4405	5.949e-03
135kHz_100dA_100Mss_PM520.txt	25/06/2024 16:39:24	14.3	5.75	1.02	38460.00	210.07	1.362089e+05	1.592849e+00	6.317048e+00	15.05	3.958901e-08	4405	5.627e-03
135kHz_100dA_100Mss_PM521.txt	25/06/2024 16:39:25	14.3	4.52	0.81	38460.00	209.87	1.361779e+05	1.583876e+00	6.311370e+00	12.45	3.294788e-08	4406	5.550e-03
135kHz_100dA_100Mss_PM522.txt	25/06/2024 16:39:25	14.3	6.59	1.14	38460.00	216.73	1.361779e+05	1.644447e+00	6.321380e+00	17.52	4.465828e-08	4406	5.789e-03
135kHz_100dA_100Mss_PM523.txt	25/06/2024 16:39:26	14.3	6.51	1.15	38460.00	212.73	1.362089e+05	1.613093e+00	6.321049e+00	17.04	4.427156e-08	4405	5.672e-03
135kHz_100dA_100Mss_PM524.txt	25/06/2024 16:39:26	14.3	5.66	0.95	38460.00	224.25	1.362089e+05	1.690604e+00	6.313949e+00	14.51	3.596326e-08	4405	5.973e-03
135kHz_100dA_100Mss_PM525.txt	25/06/2024 16:39:27	14.3	5.97	1.05	38460.00	213.80	1.362089e+05	1.618084e+00	6.318378e+00	15.89	4.114505e-08	4405	5.691e-03
135kHz_100dA_100Mss_PM526.txt	25/06/2024 16:39:28	14.4	5.77	1.01	38460.00	214.07	1.362089e+05	1.619995e+00	6.317254e+00	15.40	3.983065e-08	4405	5.712e-03
135kHz_100dA_100Mss_PM527.txt	25/06/2024 16:39:28	14.4	6.48	1.11	38460.00	218.21	1.361779e+05	1.651579e+00	6.319810e+00	16.87	4.282177e-08	4406	5.817e-03
135kHz_100dA_100Mss_PM528.txt	25/06/2024 16:39:29	14.4	4.62	0.80	38460.00	217.45	1.361779e+05	1.636625e+00	6.310348e+00	12.40	3.175268e-08	4406	5.776e-03
135kHz_100dA_100Mss_PM529.txt	25/06/2024 16:39:29	14.4	6.02	1.02	38460.00	221.57	1.362089e+05	1.673503e+00	6.317355e+00	15.95	3.994903e-08	4405	5.887e-03
135kHz_100dA_100Mss_PM530.txt	25/06/2024 16:39:30	14.4	8.47	1.41	38460.00	223.31	1.361779e+05	1.700170e+00	6.328960e+00	21.70	5.353231e-08	4406	5.990e-03
135kHz_100dA_100Mss_PM531.txt	25/06/2024 16:39:30	14.4	7.34	1.27	38460.00	213.54	1.361779e+05	1.623110e+00	6.325330e+00	19.08	4.928245e-08	4406	5.764e-03
135kHz_100dA_100Mss_PM532.txt	25/06/2024 16:39:31	14.6	6.41	1.12	38460.00	214.91	1.361779e+05	1.628333e+00	6.320372e+00	16.89	4.347806e-08	4406	5.727e-03
135kHz_100dA_100Mss_PM533.txt	25/06/2024 16:39:32	14.6	6.95	1.20	38460.00	215.95	1.361779e+05	1.638177e+00	6.322120e+00	17.79	4.552450e-08	4406	5.778e-03
135kHz_100dA_100Mss_PM534.txt	25/06/2024 16:39:32	14.6	4.93	0.87	38460.00	212.73	1.361779e+05	1.604920e+00	6.312565e+00	13.15	3.434439e-08	4406	5.667e-03
135kHz_100dA_100Mss_PM535.txt	25/06/2024 16:39:33	14.7	6.74	1.13	38460.00	222.19	1.361779e+05	1.683188e+00	6.320373e+00	17.46	4.348025e-08	4406	5.962e-03
135kHz_100dA_100Mss_PM536.txt	25/06/2024 16:39:33	14.7	6.68	1.16	38460.00	213.08	1.361779e+05	1.618761e+00	6.323210e+00	18.07	4.680011e-08	4406	5.737e-03
135kHz_100dA_100Mss_PM537.txt	25/06/2024 16:39:34	14.7	6.05	0.98	38460.00	228.48	1.361779e+05	1.726462e+00	6.315644e+00	15.63	3.794680e-08	4406	6.162e-03
135kHz_100dA_100Mss_PM538.txt	25/06/2024 16:39:34	14.7	6.59	1.11	38460.00	222.24	1.361779e+05	1.682819e+00	6.319273e+00	16.94	4.219231e-08	4406	5.953e-03
135kHz_100dA_100Mss_PM539.txt	25/06/2024 16:39:35	14.7	8.41	1.45	38460.00	213.75	1.361779e+05	1.631751e+00	6.332073e+00	22.25	5.717852e-08	4406	5.768e-03
135kHz_100dA_100Mss_PM540.txt	25/06/2024 16:39:35	14.7	7.54	1.27	38460.00	221.33	1.361779e+05	1.679454e+00	6.324946e+00	19.56	4.883276e-08	4406	5.923e-03
135kHz_100dA_100Mss_PM541.txt	25/06/2024 16:39:36	14.7	6.79	1.17	38460.00	213.44	1.361779e+05	1.621536e+00	6.322068e+00	17.58	4.546349e-08	4406	5.777e-03
135kHz_100dA_100Mss_PM542.txt	25/06/2024 16:39:36	14.7	7.26	1.19	38460.00	226.84	1.361779e+05	1.719721e+00	6.321846e+00	18.54	4.520313e-08	4406	6.110e-03
135kHz_100dA_100Mss_PM543.txt	25/06/2024 16:39:37	14.7	5.19	0.90	38460.00	216.23	1.361779e+05	1.631387e+00	6.313685e+00	13.88	3.565473e-08	4406	5.749e-03
135kHz_100dA_100Mss_PM544.txt	25/06/2024 16:39:37	14.7	6.82	1.17	38460.00	219.40	1.362089e+05	1.659806e+00	6.320122e+00	17.10	4.318579e-08	4405	5.845e-03
135kHz_100dA_100Mss_PM545.txt	25/06/2024 16:39:38	14.7	8.94	1.49	38460.00	221.24	1.361779e+05	1.688691e+00	6.331806e+00	22.90	5.686568e-08	4406	5.985e-03
135kHz_100dA_100Mss_PM546.txt	25/06/2024 16:39:38	14.7	6.85	1.15	38460.00	222.53	1.361779e+05	1.687591e+00	6.321027e+00	17.81	4.424541e-08	4406	5.934e-03
135kHz_100dA_100Mss_PM547.txt	25/06/2024 16:39:39	14.8	6.55	1.13	38460.00	214.81	1.361779e+05	1.629881e+00	6.321769e+00	17.54	4.511363e-08	4406	5.770e-03
135kHz_100dA_100Mss_PM548.txt	25/06/2024 16:39:39	14.8	8.32	1.39	38460.00	221.19	1.361779e+05	1.687942e+00	6.330154e+00	22.11	5.493076e-08	4406	5.953e-03
135kHz_100dA_100Mss_PM549.txt	25/06/2024 16:39:40	14.8	7.41	1.22	38460.00	226.67	1.362089e+05	1.718993e+00	6.321834e+00	18.53	4.519027e-08	4405	6.075e-03
135kHz_100dA_100Mss_PM550.txt	25/06/2024 16:39:40	14.8	8.62	1.41	38460.00	226.01	1.362089e+05	1.721552e+00	6.330358e+00	22.65	5.517081e-08	4405	6.082e-03
135kHz_100dA_100Mss_PM551.txt	25/06/2024 16:39:41	14.9	7.78	1.31	38460.00	222.02	1.362089e+05	1.687763e+00	6.326188e+00	20.25	5.028703e-08	4405	5.954e-03
135kHz_100dA_100Mss_PM552.txt	25/06/2024 16:39:42	14.9	6.48	1.08	38460.00	224.82	1.361779e+05	1.701852e+00	6.319864e+00	17.41	4.288470e-08	4406	5.981e-03
135kHz_100dA_100Mss_PM553.txt	25/06/2024 16:39:42	14.9	6.03	1.00	38460.00	227.00	1.361779e+05	1.715293e+00	6.316404e+00	15.89	3.883631e-08	4406	6.034e-03
135kHz_100dA_100Mss_PM554.txt	25/06/2024 16:39:43	14.9	6.20	1.09	38460.00	213.46	1.361779e+05	1.618620e+00	6.321011e+00	17.08	4.422706e-08	4406	5.650e-03
135kHz_100dA_100Mss_PM555.txt	25/06/2024 16:39:44	14.9	6.88	1.14	38460.00	223.87	1.362089e+05	1.695528e+00	6.321217e+00	17.99	4.446810e-08	4405	5.995e-03
135kHz_100dA_100Mss_PM556.txt	25/06/2024 16:39:44	14.9	6.15	1.08	38460.00	213.79	1.362089e+05	1.618616e+00	6.320068e+00	16.65	4.312299e-08	4405	5.696e-03
135kHz_100dA_100Mss_PM557.txt	25/06/2024 16:39:45	15.0	6.15	0.99	38460.00	232.03	1.362089e+05	1.752215e+00	6.316903e+00	16.48	3.942010e-08	4405	6.227e-03
135kHz_100dA_100Mss_PM558.txt	25/06/2024 16:39:45	15.0	5.71	0.95	38460.00	223.80	1.362089e+05	1.690165e+00	6.315059e+00	15.03	3.726230e-08	4405	5.970e-03
135kHz_100dA_100Mss_PM559.txt	25/06/2024 16:39:46	15.1	6.46	1.09	38460.00	221.27	1.361779e+05	1.675585e+00	6.319818e+00	17.12	4.283085e-08	4406	5.894e-03
135kHz_100dA_100Mss_PM560.txt	25/06/2024 16:39:46	15.1	6.36	1.05	38460.00	227.32	1.361779e+05	1.718240e+00	6.317442e+00	16.42	4.005089e-08	4406	6.057e-03
135kHz_100dA_100Mss_PM561.txt	25/06/2024 16:39:47	15.1	5.94	1.04	38460.00	214.87	1.361779e+05	1.626696e+00	6.318460e+00	16.00	4.124201e-08	4406	5.704e-03
