# Temperatura_=_2.6961956521739134
# Concentracion g/m^3_=_10000.0
# C_Vs_to_Am_M_A/Vsm_=_254322799225.57578
# pendiente_HvsI_1/m_=_3716.3
# ordenada_HvsI_A/m_=_1297.0
# frecuencia_Hz_=_136185.1257677647
# Promedio de 552 ciclos

Tiempo_(s)	Campo_(V.s)	Magnetizacion_(V.s)	Campo_(kA/m)	Magnetizacion_(A/m)
0.000000e+00	-7.154380e-09	-8.128268e-10	-3.839480e+01	-2.073525e+02
1.000000e-08	-7.154364e-09	-8.128711e-10	-3.839471e+01	-2.073649e+02
2.000000e-08	-7.153836e-09	-8.136169e-10	-3.839188e+01	-2.073640e+02
3.000000e-08	-7.152712e-09	-8.136504e-10	-3.838585e+01	-2.073501e+02
4.000000e-08	-7.151106e-09	-8.128501e-10	-3.837723e+01	-2.073235e+02
5.000000e-08	-7.149062e-09	-8.125288e-10	-3.836626e+01	-2.072848e+02
6.000000e-08	-7.146525e-09	-8.129037e-10	-3.835264e+01	-2.072344e+02
7.000000e-08	-7.143537e-09	-8.134728e-10	-3.833661e+01	-2.071729e+02
8.000000e-08	-7.140077e-09	-8.147296e-10	-3.831804e+01	-2.071010e+02
9.000000e-08	-7.135876e-09	-8.143157e-10	-3.829549e+01	-2.070194e+02
1.000000e-07	-7.130646e-09	-8.064791e-10	-3.826743e+01	-2.069290e+02
1.100000e-07	-7.124386e-09	-7.992363e-10	-3.823383e+01	-2.068307e+02
1.200000e-07	-7.117675e-09	-8.076833e-10	-3.819782e+01	-2.067254e+02
1.300000e-07	-7.111015e-09	-8.193260e-10	-3.816208e+01	-2.066141e+02
1.400000e-07	-7.104056e-09	-8.128757e-10	-3.812473e+01	-2.064978e+02
1.500000e-07	-7.096373e-09	-8.022865e-10	-3.808350e+01	-2.063776e+02
1.600000e-07	-7.088122e-09	-8.090690e-10	-3.803922e+01	-2.062544e+02
1.700000e-07	-7.079683e-09	-8.198261e-10	-3.799393e+01	-2.061294e+02
1.800000e-07	-7.070857e-09	-8.143704e-10	-3.794656e+01	-2.060035e+02
1.900000e-07	-7.061280e-09	-8.066174e-10	-3.789516e+01	-2.058776e+02
2.000000e-07	-7.051132e-09	-8.132488e-10	-3.784071e+01	-2.057527e+02
2.100000e-07	-7.040746e-09	-8.176644e-10	-3.778497e+01	-2.056294e+02
2.200000e-07	-7.029914e-09	-8.094611e-10	-3.772684e+01	-2.055084e+02
2.300000e-07	-7.018316e-09	-8.099410e-10	-3.766460e+01	-2.053904e+02
2.400000e-07	-7.006219e-09	-8.202583e-10	-3.759967e+01	-2.052755e+02
2.500000e-07	-6.993767e-09	-8.144888e-10	-3.753285e+01	-2.051641e+02
2.600000e-07	-6.980689e-09	-8.008534e-10	-3.746267e+01	-2.050562e+02
2.700000e-07	-6.966917e-09	-8.088842e-10	-3.738875e+01	-2.049516e+02
2.800000e-07	-6.952736e-09	-8.230590e-10	-3.731265e+01	-2.048500e+02
2.900000e-07	-6.938124e-09	-8.178379e-10	-3.723424e+01	-2.047508e+02
3.000000e-07	-6.922923e-09	-8.148990e-10	-3.715266e+01	-2.046533e+02
3.100000e-07	-6.907264e-09	-8.227982e-10	-3.706862e+01	-2.045563e+02
3.200000e-07	-6.891227e-09	-8.152983e-10	-3.698256e+01	-2.044589e+02
3.300000e-07	-6.874558e-09	-8.004619e-10	-3.689310e+01	-2.043595e+02
3.400000e-07	-6.857269e-09	-8.049238e-10	-3.680031e+01	-2.042566e+02
3.500000e-07	-6.839612e-09	-8.124954e-10	-3.670556e+01	-2.041485e+02
3.600000e-07	-6.821527e-09	-8.058887e-10	-3.660850e+01	-2.040333e+02
3.700000e-07	-6.802872e-09	-8.065252e-10	-3.650839e+01	-2.039089e+02
3.800000e-07	-6.783729e-09	-8.159119e-10	-3.640566e+01	-2.037733e+02
3.900000e-07	-6.764015e-09	-8.078386e-10	-3.629986e+01	-2.036241e+02
4.000000e-07	-6.743536e-09	-7.952493e-10	-3.618996e+01	-2.034591e+02
4.100000e-07	-6.722434e-09	-8.004662e-10	-3.607671e+01	-2.032759e+02
4.200000e-07	-6.700905e-09	-8.018933e-10	-3.596117e+01	-2.030723e+02
4.300000e-07	-6.678944e-09	-7.934859e-10	-3.584331e+01	-2.028460e+02
4.400000e-07	-6.656537e-09	-7.999864e-10	-3.572307e+01	-2.025947e+02
4.500000e-07	-6.633668e-09	-8.080900e-10	-3.560034e+01	-2.023163e+02
4.600000e-07	-6.610225e-09	-8.006682e-10	-3.547453e+01	-2.020088e+02
4.700000e-07	-6.586256e-09	-8.000603e-10	-3.534589e+01	-2.016703e+02
4.800000e-07	-6.561868e-09	-8.059616e-10	-3.521501e+01	-2.012992e+02
4.900000e-07	-6.537055e-09	-7.967007e-10	-3.508185e+01	-2.008938e+02
5.000000e-07	-6.511787e-09	-7.889697e-10	-3.494625e+01	-2.004530e+02
5.100000e-07	-6.486088e-09	-7.939787e-10	-3.480833e+01	-1.999756e+02
5.200000e-07	-6.459860e-09	-7.892613e-10	-3.466758e+01	-1.994609e+02
5.300000e-07	-6.433039e-09	-7.799402e-10	-3.452364e+01	-1.989082e+02
5.400000e-07	-6.405740e-09	-7.818958e-10	-3.437713e+01	-1.983172e+02
5.500000e-07	-6.378028e-09	-7.788032e-10	-3.422841e+01	-1.976880e+02
5.600000e-07	-6.349854e-09	-7.689661e-10	-3.407721e+01	-1.970206e+02
5.700000e-07	-6.321248e-09	-7.688020e-10	-3.392370e+01	-1.963155e+02
5.800000e-07	-6.292232e-09	-7.681397e-10	-3.376798e+01	-1.955734e+02
5.900000e-07	-6.262716e-09	-7.613416e-10	-3.360958e+01	-1.947952e+02
6.000000e-07	-6.232657e-09	-7.598837e-10	-3.344827e+01	-1.939819e+02
6.100000e-07	-6.202104e-09	-7.586580e-10	-3.328430e+01	-1.931350e+02
6.200000e-07	-6.171059e-09	-7.521290e-10	-3.311769e+01	-1.922557e+02
6.300000e-07	-6.139486e-09	-7.489394e-10	-3.294825e+01	-1.913458e+02
6.400000e-07	-6.107378e-09	-7.462919e-10	-3.277594e+01	-1.904067e+02
6.500000e-07	-6.074789e-09	-7.401088e-10	-3.260105e+01	-1.894405e+02
6.600000e-07	-6.041795e-09	-7.368451e-10	-3.242398e+01	-1.884487e+02
6.700000e-07	-6.008423e-09	-7.349339e-10	-3.224489e+01	-1.874334e+02
6.800000e-07	-5.974669e-09	-7.302196e-10	-3.206374e+01	-1.863962e+02
6.900000e-07	-5.940509e-09	-7.269478e-10	-3.188042e+01	-1.853391e+02
7.000000e-07	-5.905946e-09	-7.241947e-10	-3.169493e+01	-1.842637e+02
7.100000e-07	-5.871005e-09	-7.186581e-10	-3.150741e+01	-1.831717e+02
7.200000e-07	-5.835690e-09	-7.143420e-10	-3.131789e+01	-1.820647e+02
7.300000e-07	-5.799949e-09	-7.117097e-10	-3.112609e+01	-1.809442e+02
7.400000e-07	-5.763738e-09	-7.068743e-10	-3.093176e+01	-1.798114e+02
7.500000e-07	-5.727093e-09	-7.014360e-10	-3.073510e+01	-1.786674e+02
7.600000e-07	-5.690064e-09	-6.975185e-10	-3.053638e+01	-1.775134e+02
7.700000e-07	-5.652635e-09	-6.935373e-10	-3.033551e+01	-1.763502e+02
7.800000e-07	-5.614793e-09	-6.893715e-10	-3.013242e+01	-1.751783e+02
7.900000e-07	-5.576551e-09	-6.852978e-10	-2.992720e+01	-1.739984e+02
8.000000e-07	-5.537891e-09	-6.810688e-10	-2.971972e+01	-1.728108e+02
8.100000e-07	-5.498756e-09	-6.768260e-10	-2.950970e+01	-1.716157e+02
8.200000e-07	-5.459155e-09	-6.723364e-10	-2.929718e+01	-1.704131e+02
8.300000e-07	-5.419158e-09	-6.674180e-10	-2.908253e+01	-1.692031e+02
8.400000e-07	-5.378792e-09	-6.624412e-10	-2.886590e+01	-1.679853e+02
8.500000e-07	-5.338056e-09	-6.568334e-10	-2.864728e+01	-1.667595e+02
8.600000e-07	-5.296969e-09	-6.513798e-10	-2.842679e+01	-1.655254e+02
8.700000e-07	-5.255560e-09	-6.473332e-10	-2.820456e+01	-1.642826e+02
8.800000e-07	-5.213808e-09	-6.435328e-10	-2.798049e+01	-1.630304e+02
8.900000e-07	-5.171637e-09	-6.388156e-10	-2.775418e+01	-1.617685e+02
9.000000e-07	-5.129027e-09	-6.340775e-10	-2.752551e+01	-1.604963e+02
9.100000e-07	-5.086020e-09	-6.291688e-10	-2.729471e+01	-1.592133e+02
9.200000e-07	-5.042644e-09	-6.231962e-10	-2.706192e+01	-1.579191e+02
9.300000e-07	-4.998900e-09	-6.170388e-10	-2.682716e+01	-1.566131e+02
9.400000e-07	-4.954799e-09	-6.118303e-10	-2.659049e+01	-1.552950e+02
9.500000e-07	-4.910357e-09	-6.069881e-10	-2.635199e+01	-1.539645e+02
9.600000e-07	-4.865591e-09	-6.022108e-10	-2.611175e+01	-1.526212e+02
9.700000e-07	-4.820476e-09	-5.977015e-10	-2.586963e+01	-1.512651e+02
9.800000e-07	-4.774925e-09	-5.929936e-10	-2.562518e+01	-1.498960e+02
9.900000e-07	-4.728900e-09	-5.877277e-10	-2.537818e+01	-1.485139e+02
1.000000e-06	-4.682487e-09	-5.822668e-10	-2.512910e+01	-1.471189e+02
1.010000e-06	-4.635776e-09	-5.767797e-10	-2.487842e+01	-1.457112e+02
1.020000e-06	-4.588759e-09	-5.707805e-10	-2.462609e+01	-1.442909e+02
1.030000e-06	-4.541414e-09	-5.646917e-10	-2.437201e+01	-1.428584e+02
1.040000e-06	-4.493760e-09	-5.594127e-10	-2.411627e+01	-1.414140e+02
1.050000e-06	-4.445796e-09	-5.546024e-10	-2.385887e+01	-1.399582e+02
1.060000e-06	-4.397491e-09	-5.493724e-10	-2.359964e+01	-1.384914e+02
1.070000e-06	-4.348818e-09	-5.436876e-10	-2.333842e+01	-1.370141e+02
1.080000e-06	-4.299761e-09	-5.377121e-10	-2.307515e+01	-1.355268e+02
1.090000e-06	-4.250346e-09	-5.317557e-10	-2.280996e+01	-1.340302e+02
1.100000e-06	-4.200636e-09	-5.260511e-10	-2.254319e+01	-1.325246e+02
1.110000e-06	-4.150676e-09	-5.203163e-10	-2.227507e+01	-1.310106e+02
1.120000e-06	-4.100452e-09	-5.141534e-10	-2.200554e+01	-1.294886e+02
1.130000e-06	-4.049948e-09	-5.079022e-10	-2.173450e+01	-1.279593e+02
1.140000e-06	-3.999181e-09	-5.019830e-10	-2.146206e+01	-1.264228e+02
1.150000e-06	-3.948171e-09	-4.962330e-10	-2.118830e+01	-1.248797e+02
1.160000e-06	-3.896898e-09	-4.901656e-10	-2.091314e+01	-1.233302e+02
1.170000e-06	-3.845326e-09	-4.838653e-10	-2.063638e+01	-1.217745e+02
1.180000e-06	-3.793430e-09	-4.778632e-10	-2.035787e+01	-1.202129e+02
1.190000e-06	-3.741206e-09	-4.722333e-10	-2.007760e+01	-1.186455e+02
1.200000e-06	-3.688675e-09	-4.664161e-10	-1.979569e+01	-1.170723e+02
1.210000e-06	-3.635874e-09	-4.597585e-10	-1.951233e+01	-1.154934e+02
1.220000e-06	-3.582830e-09	-4.526524e-10	-1.922766e+01	-1.139088e+02
1.230000e-06	-3.529550e-09	-4.460975e-10	-1.894173e+01	-1.123182e+02
1.240000e-06	-3.476030e-09	-4.401880e-10	-1.865451e+01	-1.107217e+02
1.250000e-06	-3.422277e-09	-4.343205e-10	-1.836604e+01	-1.091190e+02
1.260000e-06	-3.368304e-09	-4.281068e-10	-1.807638e+01	-1.075100e+02
1.270000e-06	-3.314102e-09	-4.215641e-10	-1.778550e+01	-1.058944e+02
1.280000e-06	-3.259655e-09	-4.151722e-10	-1.749330e+01	-1.042720e+02
1.290000e-06	-3.204967e-09	-4.090444e-10	-1.719982e+01	-1.026426e+02
1.300000e-06	-3.150043e-09	-4.025691e-10	-1.690506e+01	-1.010060e+02
1.310000e-06	-3.094854e-09	-3.957226e-10	-1.660888e+01	-9.936203e+01
1.320000e-06	-3.039369e-09	-3.890855e-10	-1.631112e+01	-9.771042e+01
1.330000e-06	-2.983592e-09	-3.825806e-10	-1.601178e+01	-9.605105e+01
1.340000e-06	-2.927559e-09	-3.760707e-10	-1.571107e+01	-9.438381e+01
1.350000e-06	-2.871292e-09	-3.698063e-10	-1.540911e+01	-9.270863e+01
1.360000e-06	-2.814801e-09	-3.635003e-10	-1.510595e+01	-9.102546e+01
1.370000e-06	-2.758089e-09	-3.569466e-10	-1.480160e+01	-8.933431e+01
1.380000e-06	-2.701158e-09	-3.506225e-10	-1.449607e+01	-8.763523e+01
1.390000e-06	-2.644017e-09	-3.445781e-10	-1.418942e+01	-8.592831e+01
1.400000e-06	-2.586683e-09	-3.382158e-10	-1.388173e+01	-8.421370e+01
1.410000e-06	-2.529153e-09	-3.311528e-10	-1.357299e+01	-8.249156e+01
1.420000e-06	-2.471422e-09	-3.236813e-10	-1.326317e+01	-8.076211e+01
1.430000e-06	-2.413500e-09	-3.163422e-10	-1.295232e+01	-7.902559e+01
1.440000e-06	-2.355407e-09	-3.095181e-10	-1.264056e+01	-7.728230e+01
1.450000e-06	-2.297155e-09	-3.032504e-10	-1.232794e+01	-7.553251e+01
1.460000e-06	-2.238748e-09	-2.970745e-10	-1.201449e+01	-7.377656e+01
1.470000e-06	-2.180185e-09	-2.905912e-10	-1.170021e+01	-7.201476e+01
1.480000e-06	-2.121468e-09	-2.839658e-10	-1.138510e+01	-7.024745e+01
1.490000e-06	-2.062604e-09	-2.772558e-10	-1.106919e+01	-6.847496e+01
1.500000e-06	-2.003604e-09	-2.700037e-10	-1.075257e+01	-6.669762e+01
1.510000e-06	-1.944483e-09	-2.625576e-10	-1.043528e+01	-6.491575e+01
1.520000e-06	-1.885251e-09	-2.556017e-10	-1.011741e+01	-6.312965e+01
1.530000e-06	-1.825920e-09	-2.489881e-10	-9.799001e+00	-6.133961e+01
1.540000e-06	-1.766495e-09	-2.424376e-10	-9.480091e+00	-5.954589e+01
1.550000e-06	-1.706975e-09	-2.358371e-10	-9.160671e+00	-5.774874e+01
1.560000e-06	-1.647354e-09	-2.290100e-10	-8.840708e+00	-5.594837e+01
1.570000e-06	-1.587626e-09	-2.217940e-10	-8.520171e+00	-5.414499e+01
1.580000e-06	-1.527785e-09	-2.143849e-10	-8.199026e+00	-5.233876e+01
1.590000e-06	-1.467825e-09	-2.070233e-10	-7.877244e+00	-5.052984e+01
1.600000e-06	-1.407746e-09	-1.996905e-10	-7.554822e+00	-4.871836e+01
1.610000e-06	-1.347552e-09	-1.925125e-10	-7.231786e+00	-4.690442e+01
1.620000e-06	-1.287245e-09	-1.855798e-10	-6.908140e+00	-4.508815e+01
1.630000e-06	-1.226828e-09	-1.784955e-10	-6.583907e+00	-4.326961e+01
1.640000e-06	-1.166317e-09	-1.710924e-10	-6.259168e+00	-4.144890e+01
1.650000e-06	-1.105732e-09	-1.637802e-10	-5.934029e+00	-3.962611e+01
1.660000e-06	-1.045083e-09	-1.566485e-10	-5.608553e+00	-3.780131e+01
1.670000e-06	-9.843743e-10	-1.493519e-10	-5.282751e+00	-3.597459e+01
1.680000e-06	-9.236052e-10	-1.420650e-10	-4.956626e+00	-3.414606e+01
1.690000e-06	-8.627744e-10	-1.352111e-10	-4.630171e+00	-3.231582e+01
1.700000e-06	-8.018777e-10	-1.284160e-10	-4.303362e+00	-3.048399e+01
1.710000e-06	-7.409113e-10	-1.211564e-10	-3.976179e+00	-2.865072e+01
1.720000e-06	-6.798723e-10	-1.136991e-10	-3.648607e+00	-2.681617e+01
1.730000e-06	-6.187612e-10	-1.062721e-10	-3.320647e+00	-2.498051e+01
1.740000e-06	-5.575863e-10	-9.872240e-11	-2.992346e+00	-2.314393e+01
1.750000e-06	-4.963565e-10	-9.128953e-11	-2.663749e+00	-2.130664e+01
1.760000e-06	-4.350757e-10	-8.423097e-11	-2.334879e+00	-1.946887e+01
1.770000e-06	-3.737515e-10	-7.722785e-11	-2.005777e+00	-1.763086e+01
1.780000e-06	-3.123973e-10	-7.002045e-11	-1.676513e+00	-1.579286e+01
1.790000e-06	-2.510290e-10	-6.292981e-11	-1.347174e+00	-1.395511e+01
1.800000e-06	-1.896607e-10	-5.612572e-11	-1.017834e+00	-1.211787e+01
1.810000e-06	-1.283015e-10	-4.921352e-11	-6.885438e-01	-1.028140e+01
1.820000e-06	-6.695284e-11	-4.194666e-11	-3.593096e-01	-8.445940e+00
1.830000e-06	-5.610140e-12	-3.441925e-11	-3.010758e-02	-6.611729e+00
1.840000e-06	5.573181e-11	-2.703150e-11	2.990904e-01	-4.778987e+00
1.850000e-06	1.170761e-10	-2.008759e-11	6.283011e-01	-2.947915e+00
1.860000e-06	1.784225e-10	-1.336152e-11	9.575232e-01	-1.118692e+00
1.870000e-06	2.397687e-10	-6.506345e-12	1.286744e+00	7.085316e-01
1.880000e-06	3.011068e-10	8.322102e-13	1.615921e+00	2.533632e+00
1.890000e-06	3.624273e-10	8.617182e-12	1.945004e+00	4.356516e+00
1.900000e-06	4.237226e-10	1.605423e-11	2.273952e+00	6.177125e+00
1.910000e-06	4.849829e-10	2.285789e-11	2.602712e+00	7.995431e+00
1.920000e-06	5.461978e-10	2.964849e-11	2.931228e+00	9.811438e+00
1.930000e-06	6.073526e-10	3.684543e-11	3.259422e+00	1.162518e+01
1.940000e-06	6.684337e-10	4.411725e-11	3.587220e+00	1.343673e+01
1.950000e-06	7.294329e-10	5.102486e-11	3.914578e+00	1.524616e+01
1.960000e-06	7.903480e-10	5.782836e-11	4.241486e+00	1.705359e+01
1.970000e-06	8.511858e-10	6.497304e-11	4.567979e+00	1.885915e+01
1.980000e-06	9.119540e-10	7.230138e-11	4.894098e+00	2.066298e+01
1.990000e-06	9.726570e-10	7.931398e-11	5.219868e+00	2.246523e+01
2.000000e-06	1.033296e-09	8.608371e-11	5.545294e+00	2.426604e+01
2.010000e-06	1.093867e-09	9.292488e-11	5.870356e+00	2.606557e+01
2.020000e-06	1.154364e-09	9.977699e-11	6.195017e+00	2.786395e+01
2.030000e-06	1.214778e-09	1.068510e-10	6.519238e+00	2.966129e+01
2.040000e-06	1.275102e-09	1.141151e-10	6.842974e+00	3.145770e+01
2.050000e-06	1.335328e-09	1.210992e-10	7.166183e+00	3.325324e+01
2.060000e-06	1.395446e-09	1.279299e-10	7.488813e+00	3.504796e+01
2.070000e-06	1.455450e-09	1.348744e-10	7.810830e+00	3.684187e+01
2.080000e-06	1.515334e-09	1.416500e-10	8.132204e+00	3.863491e+01
2.090000e-06	1.575096e-09	1.482146e-10	8.452927e+00	4.042704e+01
2.100000e-06	1.634744e-09	1.549802e-10	8.773034e+00	4.221811e+01
2.110000e-06	1.694286e-09	1.619600e-10	9.092573e+00	4.400799e+01
2.120000e-06	1.753731e-09	1.690161e-10	9.411593e+00	4.579645e+01
2.130000e-06	1.813084e-09	1.762672e-10	9.730115e+00	4.758327e+01
2.140000e-06	1.872339e-09	1.833920e-10	1.004812e+01	4.936815e+01
2.150000e-06	1.931487e-09	1.901559e-10	1.036554e+01	5.115078e+01
2.160000e-06	1.990517e-09	1.970703e-10	1.068233e+01	5.293079e+01
2.170000e-06	2.049413e-09	2.041187e-10	1.099841e+01	5.470783e+01
2.180000e-06	2.108168e-09	2.107118e-10	1.131372e+01	5.648146e+01
2.190000e-06	2.166772e-09	2.170156e-10	1.162823e+01	5.825129e+01
2.200000e-06	2.225218e-09	2.237244e-10	1.194188e+01	6.001686e+01
2.210000e-06	2.283498e-09	2.309611e-10	1.225465e+01	6.177774e+01
2.220000e-06	2.341602e-09	2.383502e-10	1.256647e+01	6.353349e+01
2.230000e-06	2.399517e-09	2.451287e-10	1.287728e+01	6.528367e+01
2.240000e-06	2.457234e-09	2.514783e-10	1.318702e+01	6.702785e+01
2.250000e-06	2.514756e-09	2.582719e-10	1.349572e+01	6.876563e+01
2.260000e-06	2.572090e-09	2.653038e-10	1.380341e+01	7.049662e+01
2.270000e-06	2.629238e-09	2.721502e-10	1.411010e+01	7.222046e+01
2.280000e-06	2.686197e-09	2.787600e-10	1.441578e+01	7.393680e+01
2.290000e-06	2.742959e-09	2.850895e-10	1.472040e+01	7.564536e+01
2.300000e-06	2.799518e-09	2.917594e-10	1.502393e+01	7.734586e+01
2.310000e-06	2.855872e-09	2.993295e-10	1.532636e+01	7.903806e+01
2.320000e-06	2.912018e-09	3.064983e-10	1.562767e+01	8.072176e+01
2.330000e-06	2.967934e-09	3.122558e-10	1.592775e+01	8.239681e+01
2.340000e-06	3.023595e-09	3.178304e-10	1.622647e+01	8.406307e+01
2.350000e-06	3.078980e-09	3.244688e-10	1.652369e+01	8.572044e+01
2.360000e-06	3.134083e-09	3.316107e-10	1.681941e+01	8.736885e+01
2.370000e-06	3.188913e-09	3.382228e-10	1.711366e+01	8.900826e+01
2.380000e-06	3.243483e-09	3.442054e-10	1.740652e+01	9.063865e+01
2.390000e-06	3.297806e-09	3.503915e-10	1.769805e+01	9.226002e+01
2.400000e-06	3.351897e-09	3.573056e-10	1.798833e+01	9.387239e+01
2.410000e-06	3.405763e-09	3.642413e-10	1.827741e+01	9.547578e+01
2.420000e-06	3.459401e-09	3.705488e-10	1.856527e+01	9.707023e+01
2.430000e-06	3.512803e-09	3.763065e-10	1.885185e+01	9.865578e+01
2.440000e-06	3.565972e-09	3.820614e-10	1.913719e+01	1.002325e+02
2.450000e-06	3.618912e-09	3.882751e-10	1.942130e+01	1.018003e+02
2.460000e-06	3.671612e-09	3.947161e-10	1.970412e+01	1.033594e+02
2.470000e-06	3.724038e-09	4.009836e-10	1.998547e+01	1.049097e+02
2.480000e-06	3.776155e-09	4.068246e-10	2.026516e+01	1.064512e+02
2.490000e-06	3.827946e-09	4.125891e-10	2.054310e+01	1.079839e+02
2.500000e-06	3.879423e-09	4.189101e-10	2.081936e+01	1.095079e+02
2.510000e-06	3.930604e-09	4.253903e-10	2.109403e+01	1.110231e+02
2.520000e-06	3.981509e-09	4.310746e-10	2.136722e+01	1.125295e+02
2.530000e-06	4.032153e-09	4.360380e-10	2.163901e+01	1.140270e+02
2.540000e-06	4.082535e-09	4.413842e-10	2.190938e+01	1.155156e+02
2.550000e-06	4.132650e-09	4.474088e-10	2.217834e+01	1.169952e+02
2.560000e-06	4.182514e-09	4.535939e-10	2.244593e+01	1.184657e+02
2.570000e-06	4.232130e-09	4.596853e-10	2.271221e+01	1.199271e+02
2.580000e-06	4.281473e-09	4.656201e-10	2.297701e+01	1.213793e+02
2.590000e-06	4.330484e-09	4.713326e-10	2.324003e+01	1.228222e+02
2.600000e-06	4.379121e-09	4.767907e-10	2.350105e+01	1.242558e+02
2.610000e-06	4.427382e-09	4.820800e-10	2.376005e+01	1.256800e+02
2.620000e-06	4.475291e-09	4.872350e-10	2.401716e+01	1.270948e+02
2.630000e-06	4.522878e-09	4.922864e-10	2.427254e+01	1.285000e+02
2.640000e-06	4.570159e-09	4.976324e-10	2.452628e+01	1.298957e+02
2.650000e-06	4.617123e-09	5.036931e-10	2.477832e+01	1.312819e+02
2.660000e-06	4.663762e-09	5.098702e-10	2.502861e+01	1.326585e+02
2.670000e-06	4.710052e-09	5.151492e-10	2.527703e+01	1.340255e+02
2.680000e-06	4.755946e-09	5.198393e-10	2.552332e+01	1.353830e+02
2.690000e-06	4.801413e-09	5.247442e-10	2.576733e+01	1.367309e+02
2.700000e-06	4.846475e-09	5.299872e-10	2.600916e+01	1.380693e+02
2.710000e-06	4.891173e-09	5.354370e-10	2.624903e+01	1.393982e+02
2.720000e-06	4.935536e-09	5.407468e-10	2.648712e+01	1.407177e+02
2.730000e-06	4.979567e-09	5.454778e-10	2.672341e+01	1.420277e+02
2.740000e-06	5.023258e-09	5.500262e-10	2.695788e+01	1.433282e+02
2.750000e-06	5.066622e-09	5.552636e-10	2.719060e+01	1.446194e+02
2.760000e-06	5.109667e-09	5.607944e-10	2.742161e+01	1.459012e+02
2.770000e-06	5.152345e-09	5.659694e-10	2.765064e+01	1.471735e+02
2.780000e-06	5.194587e-09	5.710448e-10	2.787734e+01	1.484365e+02
2.790000e-06	5.236391e-09	5.762500e-10	2.810169e+01	1.496899e+02
2.800000e-06	5.277802e-09	5.813519e-10	2.832392e+01	1.509337e+02
2.810000e-06	5.318853e-09	5.861032e-10	2.854423e+01	1.521679e+02
2.820000e-06	5.359545e-09	5.905404e-10	2.876261e+01	1.533922e+02
2.830000e-06	5.399875e-09	5.946699e-10	2.897904e+01	1.546067e+02
2.840000e-06	5.439855e-09	5.990516e-10	2.919360e+01	1.558110e+02
2.850000e-06	5.479455e-09	6.043383e-10	2.940612e+01	1.570050e+02
2.860000e-06	5.518598e-09	6.098173e-10	2.961619e+01	1.581884e+02
2.870000e-06	5.557257e-09	6.146122e-10	2.982365e+01	1.593611e+02
2.880000e-06	5.595476e-09	6.189288e-10	3.002876e+01	1.605227e+02
2.890000e-06	5.633298e-09	6.232057e-10	3.023173e+01	1.616729e+02
2.900000e-06	5.670732e-09	6.277280e-10	3.043263e+01	1.628116e+02
2.910000e-06	5.707799e-09	6.323759e-10	3.063155e+01	1.639382e+02
2.920000e-06	5.744529e-09	6.366385e-10	3.082867e+01	1.650526e+02
2.930000e-06	5.780883e-09	6.406134e-10	3.102376e+01	1.661544e+02
2.940000e-06	5.816765e-09	6.449289e-10	3.121633e+01	1.672434e+02
2.950000e-06	5.852161e-09	6.496982e-10	3.140629e+01	1.683192e+02
2.960000e-06	5.887131e-09	6.544669e-10	3.159396e+01	1.693815e+02
2.970000e-06	5.921712e-09	6.588913e-10	3.177954e+01	1.704301e+02
2.980000e-06	5.955900e-09	6.627917e-10	3.196302e+01	1.714648e+02
2.990000e-06	5.989705e-09	6.664236e-10	3.214443e+01	1.724853e+02
3.000000e-06	6.023149e-09	6.706086e-10	3.232392e+01	1.734915e+02
3.010000e-06	6.056190e-09	6.751447e-10	3.250123e+01	1.744831e+02
3.020000e-06	6.088756e-09	6.790282e-10	3.267601e+01	1.754601e+02
3.030000e-06	6.120845e-09	6.825223e-10	3.284821e+01	1.764224e+02
3.040000e-06	6.152472e-09	6.863025e-10	3.301794e+01	1.773699e+02
3.050000e-06	6.183646e-09	6.903063e-10	3.318524e+01	1.783026e+02
3.060000e-06	6.214387e-09	6.942865e-10	3.335022e+01	1.792206e+02
3.070000e-06	6.244700e-09	6.980642e-10	3.351290e+01	1.801237e+02
3.080000e-06	6.274523e-09	7.015360e-10	3.367294e+01	1.810122e+02
3.090000e-06	6.303792e-09	7.048282e-10	3.383002e+01	1.818860e+02
3.100000e-06	6.332556e-09	7.084802e-10	3.398438e+01	1.827452e+02
3.110000e-06	6.360882e-09	7.124862e-10	3.413640e+01	1.835901e+02
3.120000e-06	6.388766e-09	7.161684e-10	3.428604e+01	1.844206e+02
3.130000e-06	6.416214e-09	7.193332e-10	3.443334e+01	1.852369e+02
3.140000e-06	6.443255e-09	7.224555e-10	3.457846e+01	1.860391e+02
3.150000e-06	6.469826e-09	7.256085e-10	3.472106e+01	1.868274e+02
3.160000e-06	6.495834e-09	7.284844e-10	3.486063e+01	1.876018e+02
3.170000e-06	6.521333e-09	7.314174e-10	3.499748e+01	1.883623e+02
3.180000e-06	6.546399e-09	7.346435e-10	3.513200e+01	1.891091e+02
3.190000e-06	6.571034e-09	7.379296e-10	3.526420e+01	1.898423e+02
3.200000e-06	6.595254e-09	7.408992e-10	3.539418e+01	1.905617e+02
3.210000e-06	6.619090e-09	7.432516e-10	3.552210e+01	1.912675e+02
3.220000e-06	6.642465e-09	7.456915e-10	3.564755e+01	1.919595e+02
3.230000e-06	6.665270e-09	7.487525e-10	3.576993e+01	1.926378e+02
3.240000e-06	6.687551e-09	7.515731e-10	3.588950e+01	1.933022e+02
3.250000e-06	6.709377e-09	7.538288e-10	3.600664e+01	1.939527e+02
3.260000e-06	6.730736e-09	7.562380e-10	3.612126e+01	1.945890e+02
3.270000e-06	6.751577e-09	7.588214e-10	3.623311e+01	1.952112e+02
3.280000e-06	6.771810e-09	7.613512e-10	3.634169e+01	1.958189e+02
3.290000e-06	6.791397e-09	7.639656e-10	3.644681e+01	1.964121e+02
3.300000e-06	6.810424e-09	7.662704e-10	3.654892e+01	1.969905e+02
3.310000e-06	6.828969e-09	7.680122e-10	3.664844e+01	1.975541e+02
3.320000e-06	6.847045e-09	7.696487e-10	3.674545e+01	1.981025e+02
3.330000e-06	6.864692e-09	7.716145e-10	3.684015e+01	1.986358e+02
3.340000e-06	6.881902e-09	7.735630e-10	3.693252e+01	1.991536e+02
3.350000e-06	6.898568e-09	7.750928e-10	3.702196e+01	1.996560e+02
3.360000e-06	6.914677e-09	7.768431e-10	3.710840e+01	2.001427e+02
3.370000e-06	6.930315e-09	7.795421e-10	3.719233e+01	2.006137e+02
3.380000e-06	6.945493e-09	7.825228e-10	3.727378e+01	2.010689e+02
3.390000e-06	6.960208e-09	7.843521e-10	3.735275e+01	2.015083e+02
3.400000e-06	6.974484e-09	7.850265e-10	3.742937e+01	2.019319e+02
3.410000e-06	6.988253e-09	7.855241e-10	3.750326e+01	2.023397e+02
3.420000e-06	7.001427e-09	7.864311e-10	3.757396e+01	2.027316e+02
3.430000e-06	7.014068e-09	7.880256e-10	3.764180e+01	2.031079e+02
3.440000e-06	7.026239e-09	7.901770e-10	3.770712e+01	2.034686e+02
3.450000e-06	7.037938e-09	7.922067e-10	3.776990e+01	2.038137e+02
3.460000e-06	7.049194e-09	7.936496e-10	3.783030e+01	2.041435e+02
3.470000e-06	7.059983e-09	7.947423e-10	3.788821e+01	2.044580e+02
3.480000e-06	7.070200e-09	7.957542e-10	3.794303e+01	2.047573e+02
3.490000e-06	7.079841e-09	7.963735e-10	3.799478e+01	2.050417e+02
3.500000e-06	7.088991e-09	7.965386e-10	3.804388e+01	2.053112e+02
3.510000e-06	7.097664e-09	7.969379e-10	3.809043e+01	2.055661e+02
3.520000e-06	7.105880e-09	7.981518e-10	3.813452e+01	2.058063e+02
3.530000e-06	7.113674e-09	7.997825e-10	3.817634e+01	2.060321e+02
3.540000e-06	7.120985e-09	8.009969e-10	3.821558e+01	2.062435e+02
3.550000e-06	7.127740e-09	8.016994e-10	3.825183e+01	2.064406e+02
3.560000e-06	7.133941e-09	8.019683e-10	3.828511e+01	2.066235e+02
3.570000e-06	7.139589e-09	8.021154e-10	3.831542e+01	2.067923e+02
3.580000e-06	7.144706e-09	8.027691e-10	3.834288e+01	2.069469e+02
3.590000e-06	7.149286e-09	8.037523e-10	3.836746e+01	2.070873e+02
3.600000e-06	7.153247e-09	8.042625e-10	3.838872e+01	2.072137e+02
3.610000e-06	7.156600e-09	8.041291e-10	3.840671e+01	2.073260e+02
3.620000e-06	7.159460e-09	8.039644e-10	3.842206e+01	2.074241e+02
3.630000e-06	7.161845e-09	8.043442e-10	3.843486e+01	2.075082e+02
3.640000e-06	7.163749e-09	8.048837e-10	3.844508e+01	2.075783e+02
3.650000e-06	7.165217e-09	8.049968e-10	3.845296e+01	2.076344e+02
3.660000e-06	7.166176e-09	8.048436e-10	3.845811e+01	2.076766e+02
3.670000e-06	7.166528e-09	8.048159e-10	3.845999e+01	2.077050e+02
3.680000e-06	7.166339e-09	8.049084e-10	3.845898e+01	2.077199e+02
3.690000e-06	7.165673e-09	8.047077e-10	3.845540e+01	2.077213e+02
3.700000e-06	7.164533e-09	8.043292e-10	3.844929e+01	2.077098e+02
3.710000e-06	7.162966e-09	8.038505e-10	3.844087e+01	2.076855e+02
3.720000e-06	7.160958e-09	8.033258e-10	3.843010e+01	2.076489e+02
3.730000e-06	7.158392e-09	8.031278e-10	3.841633e+01	2.076005e+02
3.740000e-06	7.155283e-09	8.026658e-10	3.839964e+01	2.075410e+02
3.750000e-06	7.151730e-09	8.006317e-10	3.838057e+01	2.074710e+02
3.760000e-06	7.147580e-09	8.029089e-10	3.835830e+01	2.073911e+02
3.770000e-06	7.142412e-09	8.114673e-10	3.833057e+01	2.073023e+02
3.780000e-06	7.136135e-09	8.079040e-10	3.829688e+01	2.072054e+02
3.790000e-06	7.129440e-09	7.916665e-10	3.826095e+01	2.071013e+02
3.800000e-06	7.122879e-09	7.924772e-10	3.822575e+01	2.069910e+02
3.810000e-06	7.116123e-09	8.090537e-10	3.818949e+01	2.068756e+02
3.820000e-06	7.108561e-09	8.097981e-10	3.814891e+01	2.067560e+02
3.830000e-06	7.100323e-09	7.951327e-10	3.810470e+01	2.066334e+02
3.840000e-06	7.092008e-09	7.961418e-10	3.806007e+01	2.065086e+02
3.850000e-06	7.083465e-09	8.122361e-10	3.801422e+01	2.063828e+02
3.860000e-06	7.073973e-09	8.110374e-10	3.796328e+01	2.062569e+02
3.870000e-06	7.063645e-09	7.958917e-10	3.790786e+01	2.061318e+02
3.880000e-06	7.053120e-09	7.988597e-10	3.785137e+01	2.060082e+02
3.890000e-06	7.042313e-09	8.141265e-10	3.779338e+01	2.058869e+02
3.900000e-06	7.030711e-09	8.095855e-10	3.773111e+01	2.057683e+02
3.910000e-06	7.018475e-09	7.953872e-10	3.766545e+01	2.056529e+02
3.920000e-06	7.005982e-09	7.992239e-10	3.759840e+01	2.055409e+02
3.930000e-06	6.992926e-09	8.085764e-10	3.752834e+01	2.054325e+02
3.940000e-06	6.979076e-09	8.042165e-10	3.745401e+01	2.053273e+02
3.950000e-06	6.964812e-09	8.028202e-10	3.737746e+01	2.052253e+02
3.960000e-06	6.950342e-09	8.122223e-10	3.729981e+01	2.051257e+02
3.970000e-06	6.935242e-09	8.068326e-10	3.721877e+01	2.050280e+02
3.980000e-06	6.919392e-09	7.928016e-10	3.713371e+01	2.049311e+02
3.990000e-06	6.903166e-09	7.999349e-10	3.704663e+01	2.048338e+02
4.000000e-06	6.886604e-09	8.144740e-10	3.695775e+01	2.047349e+02
4.010000e-06	6.869458e-09	8.115924e-10	3.686573e+01	2.046329e+02
4.020000e-06	6.851826e-09	8.085996e-10	3.677111e+01	2.045259e+02
4.030000e-06	6.833855e-09	8.161277e-10	3.667466e+01	2.044121e+02
4.040000e-06	6.815381e-09	8.092471e-10	3.657552e+01	2.042895e+02
4.050000e-06	6.796353e-09	7.949774e-10	3.647340e+01	2.041561e+02
4.060000e-06	6.776857e-09	8.018658e-10	3.636878e+01	2.040095e+02
4.070000e-06	6.756772e-09	8.124817e-10	3.626099e+01	2.038475e+02
4.080000e-06	6.736045e-09	8.075796e-10	3.614976e+01	2.036677e+02
4.090000e-06	6.714745e-09	8.102568e-10	3.603545e+01	2.034680e+02
4.100000e-06	6.692896e-09	8.203270e-10	3.591819e+01	2.032459e+02
4.110000e-06	6.670548e-09	8.117359e-10	3.579826e+01	2.029993e+02
4.120000e-06	6.647756e-09	8.012766e-10	3.567595e+01	2.027259e+02
4.130000e-06	6.624474e-09	8.063811e-10	3.555100e+01	2.024238e+02
4.140000e-06	6.600718e-09	8.034380e-10	3.542351e+01	2.020910e+02
4.150000e-06	6.576602e-09	7.935267e-10	3.529409e+01	2.017258e+02
4.160000e-06	6.552023e-09	7.989940e-10	3.516218e+01	2.013266e+02
4.170000e-06	6.526827e-09	8.021987e-10	3.502697e+01	2.008923e+02
4.180000e-06	6.501110e-09	7.953912e-10	3.488895e+01	2.004215e+02
4.190000e-06	6.474967e-09	8.003829e-10	3.474865e+01	1.999135e+02
4.200000e-06	6.448346e-09	8.059497e-10	3.460579e+01	1.993676e+02
4.210000e-06	6.421262e-09	7.987433e-10	3.446044e+01	1.987835e+02
4.220000e-06	6.393707e-09	7.988105e-10	3.431256e+01	1.981611e+02
4.230000e-06	6.365586e-09	8.026800e-10	3.416165e+01	1.975005e+02
4.240000e-06	6.336921e-09	7.948212e-10	3.400781e+01	1.968022e+02
4.250000e-06	6.307859e-09	7.903655e-10	3.385185e+01	1.960667e+02
4.260000e-06	6.278414e-09	7.899872e-10	3.369383e+01	1.952949e+02
4.270000e-06	6.248527e-09	7.826134e-10	3.353344e+01	1.944879e+02
4.280000e-06	6.218156e-09	7.801048e-10	3.337045e+01	1.936469e+02
4.290000e-06	6.187259e-09	7.799814e-10	3.320463e+01	1.927733e+02
4.300000e-06	6.155808e-09	7.729215e-10	3.303585e+01	1.918687e+02
4.310000e-06	6.123854e-09	7.701940e-10	3.286436e+01	1.909348e+02
4.320000e-06	6.091443e-09	7.682395e-10	3.269043e+01	1.899733e+02
4.330000e-06	6.058611e-09	7.600163e-10	3.251423e+01	1.889860e+02
4.340000e-06	6.025392e-09	7.573145e-10	3.233596e+01	1.879748e+02
4.350000e-06	5.991773e-09	7.565398e-10	3.215553e+01	1.869414e+02
4.360000e-06	5.957712e-09	7.485441e-10	3.197275e+01	1.858878e+02
4.370000e-06	5.923158e-09	7.446208e-10	3.178731e+01	1.848156e+02
4.380000e-06	5.888109e-09	7.440136e-10	3.159921e+01	1.837265e+02
4.390000e-06	5.852662e-09	7.366528e-10	3.140898e+01	1.826222e+02
4.400000e-06	5.816869e-09	7.305400e-10	3.121690e+01	1.815040e+02
4.410000e-06	5.780699e-09	7.288952e-10	3.102278e+01	1.803733e+02
4.420000e-06	5.744149e-09	7.239700e-10	3.082664e+01	1.792314e+02
4.430000e-06	5.707220e-09	7.184817e-10	3.062845e+01	1.780791e+02
4.440000e-06	5.669860e-09	7.153679e-10	3.042795e+01	1.769175e+02
4.450000e-06	5.632022e-09	7.110101e-10	3.022489e+01	1.757472e+02
4.460000e-06	5.593724e-09	7.057584e-10	3.001936e+01	1.745687e+02
4.470000e-06	5.555000e-09	7.003678e-10	2.981154e+01	1.733825e+02
4.480000e-06	5.515892e-09	6.947631e-10	2.960167e+01	1.721888e+02
4.490000e-06	5.476433e-09	6.902182e-10	2.938991e+01	1.709876e+02
4.500000e-06	5.436612e-09	6.855473e-10	2.917620e+01	1.697789e+02
4.510000e-06	5.396415e-09	6.803257e-10	2.896048e+01	1.685626e+02
4.520000e-06	5.355823e-09	6.765824e-10	2.874264e+01	1.673383e+02
4.530000e-06	5.314790e-09	6.722088e-10	2.852243e+01	1.661058e+02
4.540000e-06	5.273338e-09	6.656964e-10	2.829997e+01	1.648645e+02
4.550000e-06	5.231522e-09	6.599595e-10	2.807556e+01	1.636141e+02
4.560000e-06	5.189336e-09	6.553491e-10	2.784917e+01	1.623540e+02
4.570000e-06	5.146785e-09	6.499064e-10	2.762081e+01	1.610837e+02
4.580000e-06	5.103895e-09	6.446058e-10	2.739064e+01	1.598028e+02
4.590000e-06	5.060670e-09	6.402214e-10	2.715866e+01	1.585106e+02
4.600000e-06	5.017103e-09	6.350418e-10	2.692486e+01	1.572067e+02
4.610000e-06	4.973182e-09	6.288723e-10	2.668915e+01	1.558909e+02
4.620000e-06	4.928861e-09	6.233296e-10	2.645130e+01	1.545626e+02
4.630000e-06	4.884112e-09	6.181845e-10	2.621115e+01	1.532217e+02
4.640000e-06	4.838994e-09	6.125008e-10	2.596902e+01	1.518679e+02
4.650000e-06	4.793538e-09	6.066511e-10	2.572507e+01	1.505012e+02
4.660000e-06	4.747704e-09	6.015130e-10	2.547910e+01	1.491215e+02
4.670000e-06	4.701517e-09	5.965808e-10	2.523123e+01	1.477288e+02
4.680000e-06	4.655010e-09	5.909631e-10	2.498165e+01	1.463233e+02
4.690000e-06	4.608142e-09	5.847301e-10	2.473013e+01	1.449053e+02
4.700000e-06	4.560863e-09	5.783230e-10	2.447640e+01	1.434750e+02
4.710000e-06	4.513171e-09	5.721155e-10	2.422045e+01	1.420327e+02
4.720000e-06	4.465105e-09	5.665215e-10	2.396250e+01	1.405789e+02
4.730000e-06	4.416710e-09	5.613581e-10	2.370278e+01	1.391141e+02
4.740000e-06	4.368009e-09	5.556815e-10	2.344142e+01	1.376387e+02
4.750000e-06	4.319008e-09	5.494351e-10	2.317845e+01	1.361532e+02
4.760000e-06	4.269716e-09	5.432933e-10	2.291392e+01	1.346582e+02
4.770000e-06	4.220144e-09	5.373125e-10	2.264789e+01	1.331542e+02
4.780000e-06	4.170290e-09	5.311164e-10	2.238034e+01	1.316418e+02
4.790000e-06	4.120133e-09	5.247906e-10	2.211117e+01	1.301213e+02
4.800000e-06	4.069651e-09	5.184615e-10	2.184025e+01	1.285932e+02
4.810000e-06	4.018839e-09	5.125342e-10	2.156756e+01	1.270581e+02
4.820000e-06	3.967716e-09	5.070864e-10	2.129320e+01	1.255161e+02
4.830000e-06	3.916316e-09	5.014655e-10	2.101736e+01	1.239678e+02
4.840000e-06	3.864667e-09	4.952314e-10	2.074018e+01	1.224132e+02
4.850000e-06	3.812762e-09	4.886032e-10	2.046163e+01	1.208527e+02
4.860000e-06	3.760582e-09	4.820199e-10	2.018159e+01	1.192864e+02
4.870000e-06	3.708133e-09	4.758319e-10	1.990012e+01	1.177143e+02
4.880000e-06	3.655434e-09	4.700995e-10	1.961730e+01	1.161365e+02
4.890000e-06	3.602488e-09	4.641259e-10	1.933317e+01	1.145529e+02
4.900000e-06	3.549287e-09	4.573316e-10	1.904766e+01	1.129634e+02
4.910000e-06	3.495823e-09	4.505338e-10	1.876074e+01	1.113680e+02
4.920000e-06	3.442086e-09	4.443595e-10	1.847235e+01	1.097665e+02
4.930000e-06	3.388072e-09	4.381279e-10	1.818248e+01	1.081586e+02
4.940000e-06	3.333797e-09	4.314045e-10	1.789120e+01	1.065443e+02
4.950000e-06	3.279289e-09	4.245817e-10	1.759868e+01	1.049231e+02
4.960000e-06	3.224571e-09	4.179183e-10	1.730503e+01	1.032951e+02
4.970000e-06	3.169656e-09	4.115895e-10	1.701032e+01	1.016598e+02
4.980000e-06	3.114539e-09	4.057248e-10	1.671453e+01	1.000172e+02
4.990000e-06	3.059201e-09	3.996675e-10	1.641756e+01	9.836694e+01
5.000000e-06	3.003625e-09	3.928385e-10	1.611930e+01	9.670900e+01
5.010000e-06	2.947800e-09	3.858384e-10	1.581971e+01	9.504321e+01
5.020000e-06	2.891726e-09	3.791529e-10	1.551878e+01	9.336948e+01
5.030000e-06	2.835407e-09	3.726935e-10	1.521654e+01	9.168777e+01
5.040000e-06	2.778856e-09	3.663742e-10	1.491305e+01	8.999808e+01
5.050000e-06	2.722085e-09	3.598579e-10	1.460838e+01	8.830044e+01
5.060000e-06	2.665096e-09	3.529852e-10	1.430255e+01	8.659495e+01
5.070000e-06	2.607893e-09	3.460355e-10	1.399556e+01	8.488173e+01
5.080000e-06	2.550482e-09	3.392484e-10	1.368746e+01	8.316096e+01
5.090000e-06	2.492875e-09	3.324288e-10	1.337831e+01	8.143283e+01
5.100000e-06	2.435090e-09	3.253187e-10	1.306819e+01	7.969760e+01
5.110000e-06	2.377141e-09	3.182057e-10	1.275721e+01	7.795553e+01
5.120000e-06	2.319043e-09	3.115049e-10	1.244541e+01	7.620692e+01
5.130000e-06	2.260794e-09	3.050511e-10	1.213281e+01	7.445208e+01
5.140000e-06	2.202386e-09	2.982212e-10	1.181936e+01	7.269134e+01
5.150000e-06	2.143816e-09	2.908141e-10	1.150504e+01	7.092503e+01
5.160000e-06	2.085091e-09	2.834104e-10	1.118988e+01	6.915348e+01
5.170000e-06	2.026232e-09	2.764972e-10	1.087401e+01	6.737703e+01
5.180000e-06	1.967254e-09	2.698488e-10	1.055750e+01	6.559599e+01
5.190000e-06	1.908167e-09	2.629511e-10	1.024040e+01	6.381066e+01
5.200000e-06	1.848969e-09	2.558459e-10	9.922707e+00	6.202135e+01
5.210000e-06	1.789656e-09	2.485854e-10	9.604396e+00	6.022831e+01
5.220000e-06	1.730223e-09	2.412420e-10	9.285443e+00	5.843180e+01
5.230000e-06	1.670666e-09	2.339005e-10	8.965823e+00	5.663203e+01
5.240000e-06	1.610983e-09	2.263389e-10	8.645525e+00	5.482922e+01
5.250000e-06	1.551173e-09	2.187401e-10	8.324548e+00	5.302353e+01
5.260000e-06	1.491237e-09	2.116398e-10	8.002895e+00	5.121512e+01
5.270000e-06	1.431176e-09	2.049001e-10	7.680574e+00	4.940412e+01
5.280000e-06	1.370991e-09	1.978977e-10	7.357584e+00	4.759066e+01
5.290000e-06	1.310685e-09	1.906734e-10	7.033946e+00	4.577484e+01
5.300000e-06	1.250262e-09	1.834068e-10	6.709682e+00	4.395674e+01
5.310000e-06	1.189734e-09	1.760044e-10	6.384850e+00	4.213645e+01
5.320000e-06	1.129117e-09	1.686312e-10	6.059540e+00	4.031406e+01
5.330000e-06	1.068425e-09	1.611429e-10	5.733829e+00	3.848965e+01
5.340000e-06	1.007668e-09	1.535162e-10	5.407770e+00	3.666331e+01
5.350000e-06	9.468484e-10	1.461471e-10	5.081376e+00	3.483513e+01
5.360000e-06	8.859669e-10	1.389912e-10	4.754648e+00	3.300522e+01
5.370000e-06	8.250244e-10	1.317365e-10	4.427593e+00	3.117371e+01
5.380000e-06	7.640221e-10	1.243255e-10	4.100216e+00	2.934072e+01
5.390000e-06	7.029656e-10	1.171809e-10	3.772549e+00	2.750642e+01
5.400000e-06	6.418578e-10	1.104939e-10	3.444607e+00	2.567098e+01
5.410000e-06	5.807007e-10	1.035710e-10	3.116400e+00	2.383458e+01
5.420000e-06	5.195021e-10	9.621806e-11	2.787970e+00	2.199744e+01
5.430000e-06	4.582672e-10	8.885515e-11	2.459346e+00	2.015978e+01
5.440000e-06	3.970025e-10	8.135618e-11	2.130562e+00	1.832183e+01
5.450000e-06	3.357192e-10	7.367526e-11	1.801677e+00	1.648384e+01
5.460000e-06	2.744284e-10	6.614274e-11	1.472753e+00	1.464607e+01
5.470000e-06	2.131385e-10	5.887778e-11	1.143834e+00	1.280876e+01
5.480000e-06	1.518539e-10	5.180487e-11	8.149425e-01	1.097217e+01
5.490000e-06	9.057257e-11	4.485024e-11	4.860689e-01	9.136547e+00
5.500000e-06	2.929009e-11	3.774383e-11	1.571893e-01	7.302134e+00
5.510000e-06	-3.199647e-11	3.043179e-11	-1.717124e-01	5.469152e+00
5.520000e-06	-9.328733e-11	2.320702e-11	-5.006371e-01	3.637807e+00
5.530000e-06	-1.545784e-10	1.610529e-11	-8.295629e-01	1.808280e+00
5.540000e-06	-2.158646e-10	8.945791e-12	-1.158462e+00	-1.927191e-02
5.550000e-06	-2.771417e-10	1.438755e-12	-1.487313e+00	-1.844720e+00
5.560000e-06	-3.384030e-10	-6.337971e-12	-1.816080e+00	-3.667966e+00
5.570000e-06	-3.996437e-10	-1.363680e-11	-2.144735e+00	-5.488945e+00
5.580000e-06	-4.608602e-10	-2.055884e-11	-2.473260e+00	-7.307623e+00
5.590000e-06	-5.220428e-10	-2.751591e-11	-2.801605e+00	-9.124000e+00
5.600000e-06	-5.831818e-10	-3.455030e-11	-3.129714e+00	-1.093810e+01
5.610000e-06	-6.442693e-10	-4.175284e-11	-3.457548e+00	-1.275000e+01
5.620000e-06	-7.052986e-10	-4.915879e-11	-3.785069e+00	-1.455976e+01
5.630000e-06	-7.662661e-10	-5.659980e-11	-4.112258e+00	-1.636750e+01
5.640000e-06	-8.271711e-10	-6.389537e-11	-4.439113e+00	-1.817335e+01
5.650000e-06	-8.880173e-10	-7.093286e-11	-4.765651e+00	-1.997743e+01
5.660000e-06	-9.488077e-10	-7.754361e-11	-5.091890e+00	-2.177992e+01
5.670000e-06	-1.009537e-09	-8.421807e-11	-5.417801e+00	-2.358094e+01
5.680000e-06	-1.070197e-09	-9.136428e-11	-5.743338e+00	-2.538065e+01
5.690000e-06	-1.130776e-09	-9.869642e-11	-6.068443e+00	-2.717918e+01
5.700000e-06	-1.191264e-09	-1.061401e-10	-6.393062e+00	-2.897666e+01
5.710000e-06	-1.251652e-09	-1.137492e-10	-6.717136e+00	-3.077319e+01
5.720000e-06	-1.311929e-09	-1.210315e-10	-7.040620e+00	-3.256885e+01
5.730000e-06	-1.372091e-09	-1.280232e-10	-7.363486e+00	-3.436368e+01
5.740000e-06	-1.432130e-09	-1.351062e-10	-7.685694e+00	-3.615769e+01
5.750000e-06	-1.492043e-09	-1.420749e-10	-8.007220e+00	-3.795086e+01
5.760000e-06	-1.551827e-09	-1.488719e-10	-8.328060e+00	-3.974311e+01
5.770000e-06	-1.611485e-09	-1.561052e-10	-8.648218e+00	-4.153435e+01
5.780000e-06	-1.671017e-09	-1.637339e-10	-8.967705e+00	-4.332442e+01
5.790000e-06	-1.730429e-09	-1.710561e-10	-9.286549e+00	-4.511312e+01
5.800000e-06	-1.789724e-09	-1.781190e-10	-9.604762e+00	-4.690021e+01
5.810000e-06	-1.848902e-09	-1.851858e-10	-9.922348e+00	-4.868542e+01
5.820000e-06	-1.907962e-09	-1.920924e-10	-1.023930e+01	-5.046844e+01
5.830000e-06	-1.966901e-09	-1.989653e-10	-1.055560e+01	-5.224891e+01
5.840000e-06	-2.025711e-09	-2.060821e-10	-1.087121e+01	-5.402647e+01
5.850000e-06	-2.084381e-09	-2.131116e-10	-1.118607e+01	-5.580071e+01
5.860000e-06	-2.142904e-09	-2.200641e-10	-1.150014e+01	-5.757121e+01
5.870000e-06	-2.201274e-09	-2.270772e-10	-1.181339e+01	-5.933753e+01
5.880000e-06	-2.259493e-09	-2.341286e-10	-1.212583e+01	-6.109925e+01
5.890000e-06	-2.317564e-09	-2.412084e-10	-1.243748e+01	-6.285591e+01
5.900000e-06	-2.375481e-09	-2.480564e-10	-1.274829e+01	-6.460707e+01
5.910000e-06	-2.433227e-09	-2.549438e-10	-1.305820e+01	-6.635232e+01
5.920000e-06	-2.490786e-09	-2.619588e-10	-1.336709e+01	-6.809124e+01
5.930000e-06	-2.548145e-09	-2.687947e-10	-1.367491e+01	-6.982343e+01
5.940000e-06	-2.605299e-09	-2.756475e-10	-1.398164e+01	-7.154853e+01
5.950000e-06	-2.662242e-09	-2.826418e-10	-1.428723e+01	-7.326620e+01
5.960000e-06	-2.718963e-09	-2.895355e-10	-1.459163e+01	-7.497613e+01
5.970000e-06	-2.775451e-09	-2.964785e-10	-1.489478e+01	-7.667805e+01
5.980000e-06	-2.831697e-09	-3.034150e-10	-1.519663e+01	-7.837170e+01
5.990000e-06	-2.887701e-09	-3.097679e-10	-1.549718e+01	-8.005690e+01
6.000000e-06	-2.943471e-09	-3.158771e-10	-1.579647e+01	-8.173347e+01
6.010000e-06	-2.999012e-09	-3.221527e-10	-1.609454e+01	-8.340127e+01
6.020000e-06	-3.054326e-09	-3.285865e-10	-1.639139e+01	-8.506019e+01
6.030000e-06	-3.109420e-09	-3.353892e-10	-1.668706e+01	-8.671017e+01
6.040000e-06	-3.164307e-09	-3.425770e-10	-1.698162e+01	-8.835115e+01
6.050000e-06	-3.218995e-09	-3.496917e-10	-1.727511e+01	-8.998311e+01
6.060000e-06	-3.273474e-09	-3.562463e-10	-1.756748e+01	-9.160606e+01
6.070000e-06	-3.327725e-09	-3.623829e-10	-1.785862e+01	-9.321999e+01
6.080000e-06	-3.381723e-09	-3.683043e-10	-1.814841e+01	-9.482495e+01
6.090000e-06	-3.435454e-09	-3.740190e-10	-1.843676e+01	-9.642095e+01
6.100000e-06	-3.488913e-09	-3.798484e-10	-1.872365e+01	-9.800804e+01
6.110000e-06	-3.542104e-09	-3.862625e-10	-1.900911e+01	-9.958627e+01
6.120000e-06	-3.595030e-09	-3.931989e-10	-1.929314e+01	-1.011557e+02
6.130000e-06	-3.647698e-09	-4.001026e-10	-1.957579e+01	-1.027162e+02
6.140000e-06	-3.700114e-09	-4.067264e-10	-1.985709e+01	-1.042681e+02
6.150000e-06	-3.752274e-09	-4.130155e-10	-2.013701e+01	-1.058111e+02
6.160000e-06	-3.804174e-09	-4.187543e-10	-2.041554e+01	-1.073454e+02
6.170000e-06	-3.855827e-09	-4.239740e-10	-2.069274e+01	-1.088709e+02
6.180000e-06	-3.907245e-09	-4.293511e-10	-2.096868e+01	-1.103877e+02
6.190000e-06	-3.958421e-09	-4.352150e-10	-2.124332e+01	-1.118956e+02
6.200000e-06	-4.009321e-09	-4.411940e-10	-2.151648e+01	-1.133946e+02
6.210000e-06	-4.059909e-09	-4.473884e-10	-2.178797e+01	-1.148848e+02
6.220000e-06	-4.110170e-09	-4.539008e-10	-2.205770e+01	-1.163659e+02
6.230000e-06	-4.160107e-09	-4.601360e-10	-2.232569e+01	-1.178380e+02
6.240000e-06	-4.209728e-09	-4.656540e-10	-2.259199e+01	-1.193010e+02
6.250000e-06	-4.259039e-09	-4.709273e-10	-2.285662e+01	-1.207548e+02
6.260000e-06	-4.308035e-09	-4.763788e-10	-2.311956e+01	-1.221994e+02
6.270000e-06	-4.356712e-09	-4.816514e-10	-2.338080e+01	-1.236346e+02
6.280000e-06	-4.405088e-09	-4.869776e-10	-2.364041e+01	-1.250605e+02
6.290000e-06	-4.453163e-09	-4.927396e-10	-2.389841e+01	-1.264769e+02
6.300000e-06	-4.500900e-09	-4.985968e-10	-2.415460e+01	-1.278838e+02
6.310000e-06	-4.548252e-09	-5.043721e-10	-2.440872e+01	-1.292811e+02
6.320000e-06	-4.595206e-09	-5.099494e-10	-2.466070e+01	-1.306690e+02
6.330000e-06	-4.641777e-09	-5.151553e-10	-2.491063e+01	-1.320472e+02
6.340000e-06	-4.687994e-09	-5.203108e-10	-2.515866e+01	-1.334159e+02
6.350000e-06	-4.733861e-09	-5.257318e-10	-2.540481e+01	-1.347751e+02
6.360000e-06	-4.779345e-09	-5.307257e-10	-2.564890e+01	-1.361247e+02
6.370000e-06	-4.824410e-09	-5.355599e-10	-2.589075e+01	-1.374647e+02
6.380000e-06	-4.869064e-09	-5.409591e-10	-2.613039e+01	-1.387953e+02
6.390000e-06	-4.913341e-09	-5.463324e-10	-2.636800e+01	-1.401164e+02
6.400000e-06	-4.957265e-09	-5.517989e-10	-2.660373e+01	-1.414280e+02
6.410000e-06	-5.000860e-09	-5.579900e-10	-2.683769e+01	-1.427303e+02
6.420000e-06	-5.044141e-09	-5.641926e-10	-2.706996e+01	-1.440231e+02
6.430000e-06	-5.087099e-09	-5.693136e-10	-2.730050e+01	-1.453065e+02
6.440000e-06	-5.129714e-09	-5.736393e-10	-2.752920e+01	-1.465805e+02
6.450000e-06	-5.171970e-09	-5.776455e-10	-2.775597e+01	-1.478450e+02
6.460000e-06	-5.213871e-09	-5.815754e-10	-2.798083e+01	-1.491001e+02
6.470000e-06	-5.255404e-09	-5.860847e-10	-2.820373e+01	-1.503456e+02
6.480000e-06	-5.296525e-09	-5.910661e-10	-2.842441e+01	-1.515815e+02
6.490000e-06	-5.337203e-09	-5.962395e-10	-2.864271e+01	-1.528076e+02
6.500000e-06	-5.377469e-09	-6.019221e-10	-2.885880e+01	-1.540238e+02
6.510000e-06	-5.417368e-09	-6.075505e-10	-2.907292e+01	-1.552299e+02
6.520000e-06	-5.456911e-09	-6.121150e-10	-2.928514e+01	-1.564257e+02
6.530000e-06	-5.496085e-09	-6.159705e-10	-2.949537e+01	-1.576110e+02
6.540000e-06	-5.534892e-09	-6.199703e-10	-2.970363e+01	-1.587856e+02
6.550000e-06	-5.573350e-09	-6.240973e-10	-2.991002e+01	-1.599491e+02
6.560000e-06	-5.611427e-09	-6.283301e-10	-3.011437e+01	-1.611014e+02
6.570000e-06	-5.649054e-09	-6.331030e-10	-3.031629e+01	-1.622420e+02
6.580000e-06	-5.686215e-09	-6.382700e-10	-3.051572e+01	-1.633708e+02
6.590000e-06	-5.722950e-09	-6.431816e-10	-3.071286e+01	-1.644874e+02
6.600000e-06	-5.759276e-09	-6.477036e-10	-3.090781e+01	-1.655914e+02
6.610000e-06	-5.795191e-09	-6.520344e-10	-3.110056e+01	-1.666827e+02
6.620000e-06	-5.830726e-09	-6.559779e-10	-3.129126e+01	-1.677608e+02
6.630000e-06	-5.865910e-09	-6.595149e-10	-3.148008e+01	-1.688255e+02
6.640000e-06	-5.900685e-09	-6.629730e-10	-3.166670e+01	-1.698765e+02
6.650000e-06	-5.934970e-09	-6.666324e-10	-3.185070e+01	-1.709137e+02
6.660000e-06	-5.968788e-09	-6.707160e-10	-3.203219e+01	-1.719367e+02
6.670000e-06	-6.002199e-09	-6.750749e-10	-3.221149e+01	-1.729454e+02
6.680000e-06	-6.035210e-09	-6.794973e-10	-3.238864e+01	-1.739396e+02
6.690000e-06	-6.067808e-09	-6.836724e-10	-3.256359e+01	-1.749192e+02
6.700000e-06	-6.100005e-09	-6.872300e-10	-3.273638e+01	-1.758841e+02
6.710000e-06	-6.131782e-09	-6.904178e-10	-3.290691e+01	-1.768342e+02
6.720000e-06	-6.163054e-09	-6.939384e-10	-3.307473e+01	-1.777695e+02
6.730000e-06	-6.193784e-09	-6.976497e-10	-3.323965e+01	-1.786900e+02
6.740000e-06	-6.224012e-09	-7.009405e-10	-3.340187e+01	-1.795958e+02
6.750000e-06	-6.253777e-09	-7.042131e-10	-3.356161e+01	-1.804868e+02
6.760000e-06	-6.283109e-09	-7.078583e-10	-3.371902e+01	-1.813632e+02
6.770000e-06	-6.312044e-09	-7.115127e-10	-3.387431e+01	-1.822250e+02
6.780000e-06	-6.340549e-09	-7.149572e-10	-3.402728e+01	-1.830724e+02
6.790000e-06	-6.368523e-09	-7.180460e-10	-3.417741e+01	-1.839054e+02
6.800000e-06	-6.395983e-09	-7.207355e-10	-3.432477e+01	-1.847242e+02
6.810000e-06	-6.423009e-09	-7.235962e-10	-3.446981e+01	-1.855289e+02
6.820000e-06	-6.449604e-09	-7.270577e-10	-3.461254e+01	-1.863196e+02
6.830000e-06	-6.475754e-09	-7.306265e-10	-3.475288e+01	-1.870964e+02
6.840000e-06	-6.501487e-09	-7.337114e-10	-3.489097e+01	-1.878594e+02
6.850000e-06	-6.526757e-09	-7.364335e-10	-3.502659e+01	-1.886086e+02
6.860000e-06	-6.551470e-09	-7.391142e-10	-3.515922e+01	-1.893442e+02
6.870000e-06	-6.575679e-09	-7.418854e-10	-3.528913e+01	-1.900660e+02
6.880000e-06	-6.599479e-09	-7.447686e-10	-3.541686e+01	-1.907742e+02
6.890000e-06	-6.622841e-09	-7.473193e-10	-3.554223e+01	-1.914687e+02
6.900000e-06	-6.645731e-09	-7.495890e-10	-3.566508e+01	-1.921494e+02
6.910000e-06	-6.668183e-09	-7.523094e-10	-3.578557e+01	-1.928162e+02
6.920000e-06	-6.690132e-09	-7.550325e-10	-3.590336e+01	-1.934692e+02
6.930000e-06	-6.711471e-09	-7.574417e-10	-3.601788e+01	-1.941080e+02
6.940000e-06	-6.732242e-09	-7.599023e-10	-3.612935e+01	-1.947326e+02
6.950000e-06	-6.752493e-09	-7.622633e-10	-3.623803e+01	-1.953429e+02
6.960000e-06	-6.772151e-09	-7.644028e-10	-3.634352e+01	-1.959387e+02
6.970000e-06	-6.791193e-09	-7.666527e-10	-3.644572e+01	-1.965197e+02
6.980000e-06	-6.809737e-09	-7.690800e-10	-3.654523e+01	-1.970859e+02
6.990000e-06	-6.827856e-09	-7.711350e-10	-3.664247e+01	-1.976370e+02
7.000000e-06	-6.845580e-09	-7.728471e-10	-3.673759e+01	-1.981730e+02
7.010000e-06	-6.862913e-09	-7.746551e-10	-3.683061e+01	-1.986936e+02
7.020000e-06	-6.879800e-09	-7.767138e-10	-3.692123e+01	-1.991986e+02
7.030000e-06	-6.896231e-09	-7.789251e-10	-3.700941e+01	-1.996881e+02
7.040000e-06	-6.912236e-09	-7.810944e-10	-3.709531e+01	-2.001619e+02
7.050000e-06	-6.927732e-09	-7.831896e-10	-3.717847e+01	-2.006199e+02
7.060000e-06	-6.942632e-09	-7.853038e-10	-3.725843e+01	-2.010621e+02
7.070000e-06	-6.957028e-09	-7.873088e-10	-3.733569e+01	-2.014885e+02
7.080000e-06	-6.970969e-09	-7.888687e-10	-3.741050e+01	-2.018990e+02
7.090000e-06	-6.984414e-09	-7.898988e-10	-3.748266e+01	-2.022938e+02
7.100000e-06	-6.997382e-09	-7.910494e-10	-3.755225e+01	-2.026728e+02
7.110000e-06	-7.009839e-09	-7.928278e-10	-3.761910e+01	-2.030362e+02
7.120000e-06	-7.021703e-09	-7.946954e-10	-3.768277e+01	-2.033841e+02
7.130000e-06	-7.033038e-09	-7.962549e-10	-3.774361e+01	-2.037165e+02
7.140000e-06	-7.043917e-09	-7.979116e-10	-3.780199e+01	-2.040337e+02
7.150000e-06	-7.054299e-09	-7.995188e-10	-3.785770e+01	-2.043357e+02
7.160000e-06	-7.064205e-09	-8.004069e-10	-3.791086e+01	-2.046227e+02
7.170000e-06	-7.073665e-09	-8.009350e-10	-3.796163e+01	-2.048949e+02
7.180000e-06	-7.082576e-09	-8.017625e-10	-3.800945e+01	-2.051523e+02
7.190000e-06	-7.090907e-09	-8.025852e-10	-3.805416e+01	-2.053951e+02
7.200000e-06	-7.098760e-09	-8.033728e-10	-3.809631e+01	-2.056234e+02
7.210000e-06	-7.106145e-09	-8.048458e-10	-3.813594e+01	-2.058373e+02
7.220000e-06	-7.113040e-09	-8.067216e-10	-3.817294e+01	-2.060370e+02
7.230000e-06	-7.119456e-09	-8.079107e-10	-3.820737e+01	-2.062224e+02
7.240000e-06	-7.125295e-09	-8.082542e-10	-3.823871e+01	-2.063936e+02
7.250000e-06	-7.130489e-09	-8.087150e-10	-3.826658e+01	-2.065507e+02
7.260000e-06	-7.135117e-09	-8.094979e-10	-3.829142e+01	-2.066936e+02
7.270000e-06	-7.139235e-09	-8.099989e-10	-3.831352e+01	-2.068225e+02
7.280000e-06	-7.142870e-09	-8.102067e-10	-3.833303e+01	-2.069372e+02
7.290000e-06	-7.146057e-09	-8.105839e-10	-3.835013e+01	-2.070378e+02
7.300000e-06	-7.148716e-09	-8.112457e-10	-3.836440e+01	-2.071244e+02
7.310000e-06	-7.150785e-09	-8.119143e-10	-3.837550e+01	-2.071970e+02
7.320000e-06	-7.152358e-09	-8.125376e-10	-3.838395e+01	-2.072555e+02
7.330000e-06	-7.153482e-09	-8.131041e-10	-3.838998e+01	-2.073001e+02
7.340000e-06	-7.154107e-09	-8.132432e-10	-3.839333e+01	-2.073310e+02
