# Temperatura_=_3.6190751445086713
# Concentracion g/m^3_=_11700.0
# C_Vs_to_Am_M_A/Vsm_=_254322799225.57578
# pendiente_HvsI_1/m_=_3716.3
# ordenada_HvsI_A/m_=_1297.0
# frecuencia_Hz_=_136181.59706808874
# Promedio de 692 ciclos

Tiempo_(s)	Campo_(V.s)	Magnetizacion_(V.s)	Campo_(kA/m)	Magnetizacion_(A/m)
0.000000e+00	-7.202513e-09	-9.113604e-10	-3.838447e+01	-2.311555e+02
1.000000e-08	-7.202389e-09	-9.107472e-10	-3.838382e+01	-2.311390e+02
2.000000e-08	-7.201716e-09	-9.107189e-10	-3.838023e+01	-2.311036e+02
3.000000e-08	-7.200471e-09	-9.106842e-10	-3.837359e+01	-2.310503e+02
4.000000e-08	-7.198759e-09	-9.106466e-10	-3.836447e+01	-2.309803e+02
5.000000e-08	-7.196586e-09	-9.108170e-10	-3.835289e+01	-2.308957e+02
6.000000e-08	-7.193925e-09	-9.106257e-10	-3.833871e+01	-2.307988e+02
7.000000e-08	-7.190823e-09	-9.100174e-10	-3.832218e+01	-2.306925e+02
8.000000e-08	-7.187190e-09	-9.094014e-10	-3.830282e+01	-2.305802e+02
9.000000e-08	-7.182743e-09	-9.064200e-10	-3.827912e+01	-2.304654e+02
1.000000e-07	-7.177231e-09	-9.014388e-10	-3.824974e+01	-2.303520e+02
1.100000e-07	-7.170789e-09	-9.027718e-10	-3.821541e+01	-2.302436e+02
1.200000e-07	-7.164043e-09	-9.093243e-10	-3.817946e+01	-2.301441e+02
1.300000e-07	-7.157296e-09	-9.066663e-10	-3.814350e+01	-2.300567e+02
1.400000e-07	-7.150141e-09	-8.981103e-10	-3.810537e+01	-2.299842e+02
1.500000e-07	-7.142267e-09	-9.001246e-10	-3.806341e+01	-2.299286e+02
1.600000e-07	-7.133912e-09	-9.071216e-10	-3.801889e+01	-2.298912e+02
1.700000e-07	-7.125357e-09	-9.026007e-10	-3.797329e+01	-2.298721e+02
1.800000e-07	-7.116300e-09	-8.946380e-10	-3.792503e+01	-2.298706e+02
1.900000e-07	-7.106491e-09	-8.997431e-10	-3.787275e+01	-2.298849e+02
2.000000e-07	-7.096198e-09	-9.077299e-10	-3.781790e+01	-2.299120e+02
2.100000e-07	-7.085649e-09	-9.030050e-10	-3.776168e+01	-2.299483e+02
2.200000e-07	-7.074555e-09	-8.964722e-10	-3.770255e+01	-2.299895e+02
2.300000e-07	-7.062746e-09	-9.038316e-10	-3.763962e+01	-2.300305e+02
2.400000e-07	-7.050502e-09	-9.124182e-10	-3.757437e+01	-2.300664e+02
2.500000e-07	-7.037849e-09	-9.063687e-10	-3.750694e+01	-2.300921e+02
2.600000e-07	-7.024530e-09	-9.004196e-10	-3.743596e+01	-2.301030e+02
2.700000e-07	-7.010581e-09	-9.072342e-10	-3.736162e+01	-2.300950e+02
2.800000e-07	-6.996222e-09	-9.081494e-10	-3.728509e+01	-2.300650e+02
2.900000e-07	-6.981366e-09	-8.987852e-10	-3.720592e+01	-2.300109e+02
3.000000e-07	-6.965949e-09	-8.999427e-10	-3.712376e+01	-2.299318e+02
3.100000e-07	-6.950129e-09	-9.065733e-10	-3.703945e+01	-2.298279e+02
3.200000e-07	-6.933871e-09	-9.005802e-10	-3.695281e+01	-2.297007e+02
3.300000e-07	-6.916948e-09	-8.956073e-10	-3.686262e+01	-2.295526e+02
3.400000e-07	-6.899470e-09	-9.021561e-10	-3.676948e+01	-2.293870e+02
3.500000e-07	-6.881612e-09	-9.018776e-10	-3.667430e+01	-2.292076e+02
3.600000e-07	-6.863271e-09	-8.942109e-10	-3.657656e+01	-2.290185e+02
3.700000e-07	-6.844380e-09	-8.975383e-10	-3.647588e+01	-2.288237e+02
3.800000e-07	-6.824992e-09	-9.045009e-10	-3.637256e+01	-2.286264e+02
3.900000e-07	-6.804955e-09	-8.982165e-10	-3.626578e+01	-2.284293e+02
4.000000e-07	-6.784169e-09	-8.926734e-10	-3.615500e+01	-2.282339e+02
4.100000e-07	-6.762824e-09	-8.983986e-10	-3.604125e+01	-2.280403e+02
4.200000e-07	-6.741062e-09	-8.975821e-10	-3.592527e+01	-2.278470e+02
4.300000e-07	-6.718852e-09	-8.905032e-10	-3.580691e+01	-2.276513e+02
4.400000e-07	-6.696185e-09	-8.933140e-10	-3.568611e+01	-2.274487e+02
4.500000e-07	-6.673015e-09	-8.954409e-10	-3.556263e+01	-2.272336e+02
4.600000e-07	-6.649287e-09	-8.882954e-10	-3.543617e+01	-2.269994e+02
4.700000e-07	-6.625070e-09	-8.872731e-10	-3.530711e+01	-2.267387e+02
4.800000e-07	-6.600432e-09	-8.915419e-10	-3.517581e+01	-2.264437e+02
4.900000e-07	-6.575364e-09	-8.874268e-10	-3.504222e+01	-2.261069e+02
5.000000e-07	-6.549857e-09	-8.837855e-10	-3.490628e+01	-2.257212e+02
5.100000e-07	-6.523865e-09	-8.868427e-10	-3.476776e+01	-2.252804e+02
5.200000e-07	-6.497286e-09	-8.834731e-10	-3.462612e+01	-2.247795e+02
5.300000e-07	-6.470159e-09	-8.752641e-10	-3.448155e+01	-2.242149e+02
5.400000e-07	-6.442588e-09	-8.732965e-10	-3.433461e+01	-2.235849e+02
5.500000e-07	-6.414585e-09	-8.706761e-10	-3.418538e+01	-2.228893e+02
5.600000e-07	-6.386129e-09	-8.643908e-10	-3.403373e+01	-2.221296e+02
5.700000e-07	-6.357236e-09	-8.624158e-10	-3.387975e+01	-2.213088e+02
5.800000e-07	-6.327860e-09	-8.611450e-10	-3.372319e+01	-2.204313e+02
5.900000e-07	-6.297955e-09	-8.556132e-10	-3.356382e+01	-2.195025e+02
6.000000e-07	-6.267553e-09	-8.505795e-10	-3.340180e+01	-2.185285e+02
6.100000e-07	-6.236666e-09	-8.469241e-10	-3.323719e+01	-2.175156e+02
6.200000e-07	-6.205246e-09	-8.425083e-10	-3.306975e+01	-2.164703e+02
6.300000e-07	-6.173294e-09	-8.388839e-10	-3.289947e+01	-2.153984e+02
6.400000e-07	-6.140847e-09	-8.347172e-10	-3.272654e+01	-2.143054e+02
6.500000e-07	-6.107958e-09	-8.293284e-10	-3.255127e+01	-2.131959e+02
6.600000e-07	-6.074688e-09	-8.254190e-10	-3.237396e+01	-2.120733e+02
6.700000e-07	-6.041049e-09	-8.220862e-10	-3.219469e+01	-2.109402e+02
6.800000e-07	-6.007000e-09	-8.171884e-10	-3.201323e+01	-2.097981e+02
6.900000e-07	-5.972526e-09	-8.122875e-10	-3.182951e+01	-2.086476e+02
7.000000e-07	-5.937663e-09	-8.071954e-10	-3.164372e+01	-2.074885e+02
7.100000e-07	-5.902417e-09	-8.017857e-10	-3.145587e+01	-2.063200e+02
7.200000e-07	-5.866737e-09	-7.981415e-10	-3.126573e+01	-2.051408e+02
7.300000e-07	-5.830591e-09	-7.948916e-10	-3.107310e+01	-2.039495e+02
7.400000e-07	-5.794018e-09	-7.893338e-10	-3.087819e+01	-2.027447e+02
7.500000e-07	-5.757059e-09	-7.834043e-10	-3.068122e+01	-2.015251e+02
7.600000e-07	-5.719702e-09	-7.790593e-10	-3.048213e+01	-2.002897e+02
7.700000e-07	-5.681931e-09	-7.749676e-10	-3.028084e+01	-1.990378e+02
7.800000e-07	-5.643753e-09	-7.699140e-10	-3.007738e+01	-1.977691e+02
7.900000e-07	-5.605155e-09	-7.645346e-10	-2.987168e+01	-1.964835e+02
8.000000e-07	-5.566087e-09	-7.595713e-10	-2.966347e+01	-1.951815e+02
8.100000e-07	-5.526540e-09	-7.547614e-10	-2.945271e+01	-1.938635e+02
8.200000e-07	-5.486581e-09	-7.497719e-10	-2.923976e+01	-1.925301e+02
8.300000e-07	-5.446243e-09	-7.446836e-10	-2.902479e+01	-1.911821e+02
8.400000e-07	-5.405524e-09	-7.391818e-10	-2.880778e+01	-1.898201e+02
8.500000e-07	-5.364439e-09	-7.331774e-10	-2.858883e+01	-1.884444e+02
8.600000e-07	-5.323019e-09	-7.278792e-10	-2.836809e+01	-1.870554e+02
8.700000e-07	-5.281266e-09	-7.233864e-10	-2.814557e+01	-1.856532e+02
8.800000e-07	-5.239109e-09	-7.182172e-10	-2.792091e+01	-1.842377e+02
8.900000e-07	-5.196499e-09	-7.121190e-10	-2.769382e+01	-1.828086e+02
9.000000e-07	-5.153486e-09	-7.061659e-10	-2.746459e+01	-1.813657e+02
9.100000e-07	-5.110119e-09	-7.005628e-10	-2.723348e+01	-1.799084e+02
9.200000e-07	-5.066384e-09	-6.950917e-10	-2.700040e+01	-1.784366e+02
9.300000e-07	-5.022275e-09	-6.896166e-10	-2.676533e+01	-1.769499e+02
9.400000e-07	-4.977812e-09	-6.839785e-10	-2.652837e+01	-1.754484e+02
9.500000e-07	-4.932993e-09	-6.780178e-10	-2.628952e+01	-1.739319e+02
9.600000e-07	-4.887809e-09	-6.721019e-10	-2.604872e+01	-1.724010e+02
9.700000e-07	-4.842212e-09	-6.666616e-10	-2.580572e+01	-1.708559e+02
9.800000e-07	-4.796156e-09	-6.611807e-10	-2.556027e+01	-1.692973e+02
9.900000e-07	-4.749685e-09	-6.546934e-10	-2.531261e+01	-1.677257e+02
1.000000e-06	-4.702886e-09	-6.478745e-10	-2.506321e+01	-1.661419e+02
1.010000e-06	-4.655796e-09	-6.420285e-10	-2.481225e+01	-1.645465e+02
1.020000e-06	-4.608397e-09	-6.365087e-10	-2.455964e+01	-1.629401e+02
1.030000e-06	-4.560680e-09	-6.301532e-10	-2.430534e+01	-1.613231e+02
1.040000e-06	-4.512644e-09	-6.232105e-10	-2.404935e+01	-1.596958e+02
1.050000e-06	-4.464261e-09	-6.162187e-10	-2.379150e+01	-1.580582e+02
1.060000e-06	-4.415496e-09	-6.099498e-10	-2.353161e+01	-1.564104e+02
1.070000e-06	-4.366351e-09	-6.047872e-10	-2.326970e+01	-1.547523e+02
1.080000e-06	-4.316857e-09	-5.994056e-10	-2.300594e+01	-1.530837e+02
1.090000e-06	-4.267056e-09	-5.927725e-10	-2.274053e+01	-1.514045e+02
1.100000e-06	-4.216980e-09	-5.857284e-10	-2.247366e+01	-1.497145e+02
1.110000e-06	-4.166640e-09	-5.788563e-10	-2.220538e+01	-1.480138e+02
1.120000e-06	-4.116028e-09	-5.717732e-10	-2.193566e+01	-1.463025e+02
1.130000e-06	-4.065139e-09	-5.646376e-10	-2.166445e+01	-1.445810e+02
1.140000e-06	-4.013980e-09	-5.576231e-10	-2.139181e+01	-1.428497e+02
1.150000e-06	-3.962554e-09	-5.508534e-10	-2.111774e+01	-1.411094e+02
1.160000e-06	-3.910836e-09	-5.447640e-10	-2.084213e+01	-1.393607e+02
1.170000e-06	-3.858797e-09	-5.390336e-10	-2.056479e+01	-1.376045e+02
1.180000e-06	-3.806434e-09	-5.326556e-10	-2.028573e+01	-1.358415e+02
1.190000e-06	-3.753777e-09	-5.254171e-10	-2.000511e+01	-1.340724e+02
1.200000e-06	-3.700854e-09	-5.175231e-10	-1.972306e+01	-1.322978e+02
1.210000e-06	-3.647670e-09	-5.093432e-10	-1.943963e+01	-1.305180e+02
1.220000e-06	-3.594227e-09	-5.017022e-10	-1.915481e+01	-1.287331e+02
1.230000e-06	-3.540532e-09	-4.948196e-10	-1.886866e+01	-1.269429e+02
1.240000e-06	-3.486603e-09	-4.881532e-10	-1.858125e+01	-1.251471e+02
1.250000e-06	-3.432445e-09	-4.815668e-10	-1.829263e+01	-1.233452e+02
1.260000e-06	-3.378048e-09	-4.753247e-10	-1.800273e+01	-1.215363e+02
1.270000e-06	-3.323396e-09	-4.688047e-10	-1.771147e+01	-1.197199e+02
1.280000e-06	-3.268482e-09	-4.611540e-10	-1.741882e+01	-1.178952e+02
1.290000e-06	-3.213311e-09	-4.533278e-10	-1.712480e+01	-1.160615e+02
1.300000e-06	-3.157877e-09	-4.459039e-10	-1.682937e+01	-1.142185e+02
1.310000e-06	-3.102161e-09	-4.380388e-10	-1.653244e+01	-1.123659e+02
1.320000e-06	-3.046168e-09	-4.302227e-10	-1.623404e+01	-1.105038e+02
1.330000e-06	-2.989922e-09	-4.233314e-10	-1.593429e+01	-1.086325e+02
1.340000e-06	-2.933434e-09	-4.163925e-10	-1.563324e+01	-1.067526e+02
1.350000e-06	-2.876693e-09	-4.087978e-10	-1.533085e+01	-1.048649e+02
1.360000e-06	-2.819705e-09	-4.013589e-10	-1.502715e+01	-1.029701e+02
1.370000e-06	-2.762488e-09	-3.940109e-10	-1.472222e+01	-1.010692e+02
1.380000e-06	-2.705053e-09	-3.862700e-10	-1.441613e+01	-9.916315e+01
1.390000e-06	-2.647414e-09	-3.786270e-10	-1.410896e+01	-9.725262e+01
1.400000e-06	-2.589591e-09	-3.712298e-10	-1.380080e+01	-9.533818e+01
1.410000e-06	-2.531584e-09	-3.635180e-10	-1.349166e+01	-9.342018e+01
1.420000e-06	-2.473400e-09	-3.556826e-10	-1.318158e+01	-9.149866e+01
1.430000e-06	-2.415057e-09	-3.481389e-10	-1.287065e+01	-8.957345e+01
1.440000e-06	-2.356569e-09	-3.407345e-10	-1.255895e+01	-8.764411e+01
1.450000e-06	-2.297933e-09	-3.334736e-10	-1.224646e+01	-8.571005e+01
1.460000e-06	-2.239146e-09	-3.262709e-10	-1.193316e+01	-8.377057e+01
1.470000e-06	-2.180200e-09	-3.186615e-10	-1.161902e+01	-8.182496e+01
1.480000e-06	-2.121093e-09	-3.106593e-10	-1.130402e+01	-7.987257e+01
1.490000e-06	-2.061836e-09	-3.027483e-10	-1.098822e+01	-7.791292e+01
1.500000e-06	-2.002453e-09	-2.950384e-10	-1.067175e+01	-7.594572e+01
1.510000e-06	-1.942959e-09	-2.871682e-10	-1.035469e+01	-7.397095e+01
1.520000e-06	-1.883361e-09	-2.791164e-10	-1.003707e+01	-7.198882e+01
1.530000e-06	-1.823659e-09	-2.712785e-10	-9.718901e+00	-6.999985e+01
1.540000e-06	-1.763846e-09	-2.638317e-10	-9.400143e+00	-6.800471e+01
1.550000e-06	-1.703918e-09	-2.564674e-10	-9.080764e+00	-6.600425e+01
1.560000e-06	-1.643872e-09	-2.490747e-10	-8.760759e+00	-6.399939e+01
1.570000e-06	-1.583707e-09	-2.415380e-10	-8.440125e+00	-6.199101e+01
1.580000e-06	-1.523425e-09	-2.334641e-10	-8.118859e+00	-5.997987e+01
1.590000e-06	-1.463024e-09	-2.250833e-10	-7.796965e+00	-5.796656e+01
1.600000e-06	-1.402501e-09	-2.171453e-10	-7.474419e+00	-5.595142e+01
1.610000e-06	-1.341853e-09	-2.095554e-10	-7.151208e+00	-5.393450e+01
1.620000e-06	-1.281079e-09	-2.015985e-10	-6.827323e+00	-5.191558e+01
1.630000e-06	-1.220185e-09	-1.935139e-10	-6.502797e+00	-4.989417e+01
1.640000e-06	-1.159190e-09	-1.857419e-10	-6.177737e+00	-4.786957e+01
1.650000e-06	-1.098114e-09	-1.780642e-10	-5.852246e+00	-4.584096e+01
1.660000e-06	-1.036971e-09	-1.703854e-10	-5.526398e+00	-4.380749e+01
1.670000e-06	-9.757691e-10	-1.626857e-10	-5.200232e+00	-4.176834e+01
1.680000e-06	-9.145063e-10	-1.545996e-10	-4.873743e+00	-3.972286e+01
1.690000e-06	-8.531785e-10	-1.463083e-10	-4.546909e+00	-3.767064e+01
1.700000e-06	-7.917822e-10	-1.385072e-10	-4.219709e+00	-3.561153e+01
1.710000e-06	-7.303172e-10	-1.310233e-10	-3.892143e+00	-3.354575e+01
1.720000e-06	-6.687828e-10	-1.229852e-10	-3.564207e+00	-3.147380e+01
1.730000e-06	-6.071814e-10	-1.144052e-10	-3.235914e+00	-2.939653e+01
1.740000e-06	-5.455184e-10	-1.061333e-10	-2.907293e+00	-2.731501e+01
1.750000e-06	-4.837995e-10	-9.829517e-11	-2.578374e+00	-2.523048e+01
1.760000e-06	-4.220318e-10	-9.043651e-11	-2.249195e+00	-2.314426e+01
1.770000e-06	-3.602243e-10	-8.242791e-11	-1.919804e+00	-2.105768e+01
1.780000e-06	-2.983891e-10	-7.422102e-11	-1.590265e+00	-1.897192e+01
1.790000e-06	-2.365418e-10	-6.595459e-11	-1.260661e+00	-1.688799e+01
1.800000e-06	-1.746964e-10	-5.786556e-11	-9.310673e-01	-1.480666e+01
1.810000e-06	-1.128601e-10	-4.981934e-11	-6.015225e-01	-1.272839e+01
1.820000e-06	-5.103360e-11	-4.156427e-11	-2.720298e-01	-1.065338e+01
1.830000e-06	1.078699e-11	-3.314464e-11	5.743144e-02	-8.581540e+00
1.840000e-06	7.260683e-11	-2.490820e-11	3.868886e-01	-6.512584e+00
1.850000e-06	1.344291e-10	-1.710943e-11	7.163588e-01	-4.446066e+00
1.860000e-06	1.962537e-10	-9.557036e-12	1.045841e+00	-2.381476e+00
1.870000e-06	2.580762e-10	-1.751014e-12	1.375313e+00	-3.183173e-01
1.880000e-06	3.198877e-10	6.489365e-12	1.704726e+00	1.743816e+00
1.890000e-06	3.816796e-10	1.489917e-11	2.034034e+00	3.805177e+00
1.900000e-06	4.434427e-10	2.327772e-11	2.363189e+00	5.865819e+00
1.910000e-06	5.051682e-10	3.149857e-11	2.692143e+00	7.925584e+00
1.920000e-06	5.668463e-10	3.952901e-11	3.020845e+00	9.984107e+00
1.930000e-06	6.284642e-10	4.762767e-11	3.349226e+00	1.204086e+01
1.940000e-06	6.900100e-10	5.575094e-11	3.677222e+00	1.409518e+01
1.950000e-06	7.514768e-10	6.343852e-11	4.004798e+00	1.614638e+01
1.960000e-06	8.128637e-10	7.090744e-11	4.331947e+00	1.819380e+01
1.970000e-06	8.741745e-10	7.889528e-11	4.658692e+00	2.023688e+01
1.980000e-06	9.354165e-10	8.742861e-11	4.985069e+00	2.227526e+01
1.990000e-06	9.965921e-10	9.603565e-11	5.311093e+00	2.430879e+01
2.000000e-06	1.057698e-09	1.045212e-10	5.636743e+00	2.633756e+01
2.010000e-06	1.118726e-09	1.126967e-10	5.961982e+00	2.836194e+01
2.020000e-06	1.179667e-09	1.202538e-10	6.286757e+00	3.038252e+01
2.030000e-06	1.240510e-09	1.275661e-10	6.611008e+00	3.240004e+01
2.040000e-06	1.301246e-09	1.351070e-10	6.934688e+00	3.441538e+01
2.050000e-06	1.361868e-09	1.427461e-10	7.257761e+00	3.642940e+01
2.060000e-06	1.422373e-09	1.505694e-10	7.580216e+00	3.844293e+01
2.070000e-06	1.482761e-09	1.588903e-10	7.902038e+00	4.045659e+01
2.080000e-06	1.543024e-09	1.675239e-10	8.223203e+00	4.247082e+01
2.090000e-06	1.603163e-09	1.758647e-10	8.543701e+00	4.448574e+01
2.100000e-06	1.663174e-09	1.833852e-10	8.863521e+00	4.650117e+01
2.110000e-06	1.723062e-09	1.903264e-10	9.182681e+00	4.851659e+01
2.120000e-06	1.782834e-09	1.977752e-10	9.501228e+00	5.053122e+01
2.130000e-06	1.842499e-09	2.060947e-10	9.819201e+00	5.254401e+01
2.140000e-06	1.902062e-09	2.144827e-10	1.013663e+01	5.455377e+01
2.150000e-06	1.961522e-09	2.223987e-10	1.045351e+01	5.655919e+01
2.160000e-06	2.020872e-09	2.300136e-10	1.076981e+01	5.855899e+01
2.170000e-06	2.080102e-09	2.374377e-10	1.108546e+01	6.055199e+01
2.180000e-06	2.139195e-09	2.447991e-10	1.140039e+01	6.253717e+01
2.190000e-06	2.198138e-09	2.524884e-10	1.171451e+01	6.451375e+01
2.200000e-06	2.256920e-09	2.603742e-10	1.202778e+01	6.648122e+01
2.210000e-06	2.315535e-09	2.679900e-10	1.234016e+01	6.843935e+01
2.220000e-06	2.373980e-09	2.754832e-10	1.265163e+01	7.038818e+01
2.230000e-06	2.432251e-09	2.831638e-10	1.296218e+01	7.232799e+01
2.240000e-06	2.490339e-09	2.906915e-10	1.327175e+01	7.425924e+01
2.250000e-06	2.548237e-09	2.976491e-10	1.358030e+01	7.618249e+01
2.260000e-06	2.605941e-09	3.045588e-10	1.388783e+01	7.809834e+01
2.270000e-06	2.663455e-09	3.123410e-10	1.419434e+01	8.000737e+01
2.280000e-06	2.720776e-09	3.206253e-10	1.449982e+01	8.191005e+01
2.290000e-06	2.777897e-09	3.282134e-10	1.480424e+01	8.380673e+01
2.300000e-06	2.834807e-09	3.349440e-10	1.510753e+01	8.569757e+01
2.310000e-06	2.891495e-09	3.417190e-10	1.540964e+01	8.758255e+01
2.320000e-06	2.947959e-09	3.491598e-10	1.571055e+01	8.946148e+01
2.330000e-06	3.004205e-09	3.570738e-10	1.601030e+01	9.133404e+01
2.340000e-06	3.060223e-09	3.649855e-10	1.630884e+01	9.319981e+01
2.350000e-06	3.115988e-09	3.723652e-10	1.660603e+01	9.505830e+01
2.360000e-06	3.171476e-09	3.791452e-10	1.690174e+01	9.690905e+01
2.370000e-06	3.226675e-09	3.858764e-10	1.719592e+01	9.875162e+01
2.380000e-06	3.281593e-09	3.927261e-10	1.748859e+01	1.005857e+02
2.390000e-06	3.336246e-09	3.993410e-10	1.777986e+01	1.024110e+02
2.400000e-06	3.390646e-09	4.058021e-10	1.806977e+01	1.042276e+02
2.410000e-06	3.444808e-09	4.127646e-10	1.835842e+01	1.060353e+02
2.420000e-06	3.498740e-09	4.206503e-10	1.864584e+01	1.078343e+02
2.430000e-06	3.552436e-09	4.289745e-10	1.893200e+01	1.096248e+02
2.440000e-06	3.605886e-09	4.366791e-10	1.921685e+01	1.114071e+02
2.450000e-06	3.659086e-09	4.433994e-10	1.950037e+01	1.131811e+02
2.460000e-06	3.712040e-09	4.496040e-10	1.978258e+01	1.149471e+02
2.470000e-06	3.764744e-09	4.556650e-10	2.006346e+01	1.167051e+02
2.480000e-06	3.817169e-09	4.619102e-10	2.034285e+01	1.184548e+02
2.490000e-06	3.869281e-09	4.687096e-10	2.062057e+01	1.201959e+02
2.500000e-06	3.921067e-09	4.758096e-10	2.089655e+01	1.219281e+02
2.510000e-06	3.972535e-09	4.829660e-10	2.117084e+01	1.236508e+02
2.520000e-06	4.023705e-09	4.904349e-10	2.144355e+01	1.253634e+02
2.530000e-06	4.074600e-09	4.978604e-10	2.171478e+01	1.270651e+02
2.540000e-06	4.125232e-09	5.044264e-10	2.198462e+01	1.287554e+02
2.550000e-06	4.175597e-09	5.101906e-10	2.225303e+01	1.304337e+02
2.560000e-06	4.225692e-09	5.158900e-10	2.252000e+01	1.320994e+02
2.570000e-06	4.275527e-09	5.220228e-10	2.278559e+01	1.337523e+02
2.580000e-06	4.325102e-09	5.287797e-10	2.304979e+01	1.353922e+02
2.590000e-06	4.374381e-09	5.359261e-10	2.331241e+01	1.370191e+02
2.600000e-06	4.423306e-09	5.429968e-10	2.357315e+01	1.386332e+02
2.610000e-06	4.471844e-09	5.496903e-10	2.383182e+01	1.402348e+02
2.620000e-06	4.520002e-09	5.559552e-10	2.408847e+01	1.418243e+02
2.630000e-06	4.567816e-09	5.620370e-10	2.434329e+01	1.434022e+02
2.640000e-06	4.615315e-09	5.680733e-10	2.459643e+01	1.449690e+02
2.650000e-06	4.662505e-09	5.739347e-10	2.484792e+01	1.465251e+02
2.660000e-06	4.709374e-09	5.797238e-10	2.509770e+01	1.480708e+02
2.670000e-06	4.755908e-09	5.858905e-10	2.534569e+01	1.496064e+02
2.680000e-06	4.802073e-09	5.925343e-10	2.559172e+01	1.511320e+02
2.690000e-06	4.847821e-09	5.990180e-10	2.583553e+01	1.526474e+02
2.700000e-06	4.893139e-09	6.049253e-10	2.607704e+01	1.541525e+02
2.710000e-06	4.938055e-09	6.106488e-10	2.631641e+01	1.556468e+02
2.720000e-06	4.982612e-09	6.165050e-10	2.655387e+01	1.571299e+02
2.730000e-06	5.026829e-09	6.224118e-10	2.678952e+01	1.586013e+02
2.740000e-06	5.070703e-09	6.281130e-10	2.702334e+01	1.600604e+02
2.750000e-06	5.114236e-09	6.334363e-10	2.725534e+01	1.615067e+02
2.760000e-06	5.157447e-09	6.387495e-10	2.748563e+01	1.629398e+02
2.770000e-06	5.200320e-09	6.445835e-10	2.771411e+01	1.643592e+02
2.780000e-06	5.242789e-09	6.507520e-10	2.794044e+01	1.657648e+02
2.790000e-06	5.284809e-09	6.564873e-10	2.816438e+01	1.671565e+02
2.800000e-06	5.326406e-09	6.615977e-10	2.838606e+01	1.685341e+02
2.810000e-06	5.367629e-09	6.668288e-10	2.860575e+01	1.698979e+02
2.820000e-06	5.408493e-09	6.725156e-10	2.882353e+01	1.712479e+02
2.830000e-06	5.448989e-09	6.779506e-10	2.903934e+01	1.725845e+02
2.840000e-06	5.489127e-09	6.826408e-10	2.925326e+01	1.739079e+02
2.850000e-06	5.528900e-09	6.872121e-10	2.946522e+01	1.752182e+02
2.860000e-06	5.568240e-09	6.924690e-10	2.967488e+01	1.765158e+02
2.870000e-06	5.607088e-09	6.982492e-10	2.988191e+01	1.778007e+02
2.880000e-06	5.645468e-09	7.037129e-10	3.008645e+01	1.790731e+02
2.890000e-06	5.683433e-09	7.084152e-10	3.028878e+01	1.803329e+02
2.900000e-06	5.721005e-09	7.130654e-10	3.048901e+01	1.815800e+02
2.910000e-06	5.758198e-09	7.183953e-10	3.068722e+01	1.828144e+02
2.920000e-06	5.795043e-09	7.238067e-10	3.088358e+01	1.840359e+02
2.930000e-06	5.831530e-09	7.285187e-10	3.107803e+01	1.852442e+02
2.940000e-06	5.867571e-09	7.326100e-10	3.127011e+01	1.864394e+02
2.950000e-06	5.903114e-09	7.366476e-10	3.145952e+01	1.876211e+02
2.960000e-06	5.938206e-09	7.413402e-10	3.164655e+01	1.887893e+02
2.970000e-06	5.972902e-09	7.466115e-10	3.183145e+01	1.899439e+02
2.980000e-06	6.007199e-09	7.515807e-10	3.201423e+01	1.910849e+02
2.990000e-06	6.041101e-09	7.558945e-10	3.219491e+01	1.922124e+02
3.000000e-06	6.074635e-09	7.600741e-10	3.237362e+01	1.933262e+02
3.010000e-06	6.107776e-09	7.646173e-10	3.255024e+01	1.944266e+02
3.020000e-06	6.140453e-09	7.691554e-10	3.272438e+01	1.955136e+02
3.030000e-06	6.172644e-09	7.730387e-10	3.289594e+01	1.965871e+02
3.040000e-06	6.204367e-09	7.766150e-10	3.306500e+01	1.976471e+02
3.050000e-06	6.235634e-09	7.807273e-10	3.323164e+01	1.986936e+02
3.060000e-06	6.266462e-09	7.853290e-10	3.339593e+01	1.997265e+02
3.070000e-06	6.296861e-09	7.900141e-10	3.355794e+01	2.007455e+02
3.080000e-06	6.326782e-09	7.943589e-10	3.371740e+01	2.017504e+02
3.090000e-06	6.356152e-09	7.980004e-10	3.387392e+01	2.027410e+02
3.100000e-06	6.384998e-09	8.016237e-10	3.402764e+01	2.037168e+02
3.110000e-06	6.413392e-09	8.059087e-10	3.417897e+01	2.046777e+02
3.120000e-06	6.441343e-09	8.101636e-10	3.432793e+01	2.056232e+02
3.130000e-06	6.468850e-09	8.137781e-10	3.447452e+01	2.065532e+02
3.140000e-06	6.495941e-09	8.172949e-10	3.461890e+01	2.074674e+02
3.150000e-06	6.522563e-09	8.212973e-10	3.476078e+01	2.083656e+02
3.160000e-06	6.548628e-09	8.255890e-10	3.489968e+01	2.092477e+02
3.170000e-06	6.574175e-09	8.295356e-10	3.503583e+01	2.101136e+02
3.180000e-06	6.599279e-09	8.326973e-10	3.516962e+01	2.109633e+02
3.190000e-06	6.623950e-09	8.354062e-10	3.530110e+01	2.117967e+02
3.200000e-06	6.648201e-09	8.385795e-10	3.543034e+01	2.126140e+02
3.210000e-06	6.672064e-09	8.422781e-10	3.555752e+01	2.134149e+02
3.220000e-06	6.695465e-09	8.457310e-10	3.568223e+01	2.141996e+02
3.230000e-06	6.718299e-09	8.487060e-10	3.580392e+01	2.149679e+02
3.240000e-06	6.740603e-09	8.517984e-10	3.592279e+01	2.157198e+02
3.250000e-06	6.762444e-09	8.554992e-10	3.603918e+01	2.164550e+02
3.260000e-06	6.783809e-09	8.592464e-10	3.615304e+01	2.171733e+02
3.270000e-06	6.804648e-09	8.621465e-10	3.626410e+01	2.178746e+02
3.280000e-06	6.824876e-09	8.642562e-10	3.637191e+01	2.185584e+02
3.290000e-06	6.844461e-09	8.663793e-10	3.647628e+01	2.192246e+02
3.300000e-06	6.863484e-09	8.691758e-10	3.657766e+01	2.198728e+02
3.310000e-06	6.882020e-09	8.724332e-10	3.667644e+01	2.205028e+02
3.320000e-06	6.900088e-09	8.753049e-10	3.677274e+01	2.211145e+02
3.330000e-06	6.917727e-09	8.777200e-10	3.686674e+01	2.217077e+02
3.340000e-06	6.934915e-09	8.801544e-10	3.695834e+01	2.222824e+02
3.350000e-06	6.951550e-09	8.824900e-10	3.704699e+01	2.228385e+02
3.360000e-06	6.967632e-09	8.844423e-10	3.713270e+01	2.233762e+02
3.370000e-06	6.983243e-09	8.860412e-10	3.721590e+01	2.238957e+02
3.380000e-06	6.998390e-09	8.875366e-10	3.729662e+01	2.243972e+02
3.390000e-06	7.013073e-09	8.895661e-10	3.737487e+01	2.248809e+02
3.400000e-06	7.027307e-09	8.921205e-10	3.745073e+01	2.253471e+02
3.410000e-06	7.041013e-09	8.946190e-10	3.752377e+01	2.257961e+02
3.420000e-06	7.054129e-09	8.967077e-10	3.759367e+01	2.262281e+02
3.430000e-06	7.066720e-09	8.981272e-10	3.766078e+01	2.266433e+02
3.440000e-06	7.078836e-09	8.991434e-10	3.772534e+01	2.270419e+02
3.450000e-06	7.090480e-09	9.001597e-10	3.778740e+01	2.274240e+02
3.460000e-06	7.101679e-09	9.012338e-10	3.784708e+01	2.277897e+02
3.470000e-06	7.112388e-09	9.021994e-10	3.790416e+01	2.281391e+02
3.480000e-06	7.122512e-09	9.032217e-10	3.795811e+01	2.284721e+02
3.490000e-06	7.132075e-09	9.045727e-10	3.800908e+01	2.287888e+02
3.500000e-06	7.141150e-09	9.063589e-10	3.805744e+01	2.290892e+02
3.510000e-06	7.149745e-09	9.083223e-10	3.810325e+01	2.293733e+02
3.520000e-06	7.157890e-09	9.095935e-10	3.814666e+01	2.296410e+02
3.530000e-06	7.165601e-09	9.098039e-10	3.818775e+01	2.298924e+02
3.540000e-06	7.172805e-09	9.096734e-10	3.822614e+01	2.301275e+02
3.550000e-06	7.179449e-09	9.098708e-10	3.826155e+01	2.303463e+02
3.560000e-06	7.185536e-09	9.101261e-10	3.829399e+01	2.305487e+02
3.570000e-06	7.191068e-09	9.103765e-10	3.832347e+01	2.307348e+02
3.580000e-06	7.196070e-09	9.112543e-10	3.835013e+01	2.309043e+02
3.590000e-06	7.200513e-09	9.127907e-10	3.837381e+01	2.310571e+02
3.600000e-06	7.204324e-09	9.143175e-10	3.839412e+01	2.311929e+02
3.610000e-06	7.207554e-09	9.152271e-10	3.841133e+01	2.313114e+02
3.620000e-06	7.210301e-09	9.150842e-10	3.842597e+01	2.314120e+02
3.630000e-06	7.212561e-09	9.141610e-10	3.843802e+01	2.314944e+02
3.640000e-06	7.214354e-09	9.133475e-10	3.844757e+01	2.315581e+02
3.650000e-06	7.215696e-09	9.130906e-10	3.845473e+01	2.316026e+02
3.660000e-06	7.216484e-09	9.132030e-10	3.845893e+01	2.316276e+02
3.670000e-06	7.216676e-09	9.134614e-10	3.845995e+01	2.316330e+02
3.680000e-06	7.216350e-09	9.138476e-10	3.845821e+01	2.316190e+02
3.690000e-06	7.215543e-09	9.143272e-10	3.845391e+01	2.315859e+02
3.700000e-06	7.214274e-09	9.144182e-10	3.844715e+01	2.315347e+02
3.710000e-06	7.212578e-09	9.135832e-10	3.843811e+01	2.314667e+02
3.720000e-06	7.210397e-09	9.120473e-10	3.842649e+01	2.313838e+02
3.730000e-06	7.207643e-09	9.104788e-10	3.841181e+01	2.312883e+02
3.740000e-06	7.204387e-09	9.092587e-10	3.839446e+01	2.311831e+02
3.750000e-06	7.200667e-09	9.097782e-10	3.837463e+01	2.310714e+02
3.760000e-06	7.196229e-09	9.145557e-10	3.835099e+01	2.309567e+02
3.770000e-06	7.190690e-09	9.168542e-10	3.832147e+01	2.308429e+02
3.780000e-06	7.184199e-09	9.093817e-10	3.828688e+01	2.307337e+02
3.790000e-06	7.177493e-09	9.052617e-10	3.825114e+01	2.306329e+02
3.800000e-06	7.170883e-09	9.124801e-10	3.821591e+01	2.305438e+02
3.810000e-06	7.163886e-09	9.149301e-10	3.817862e+01	2.304693e+02
3.820000e-06	7.156035e-09	9.054957e-10	3.813678e+01	2.304115e+02
3.830000e-06	7.147675e-09	8.998966e-10	3.809223e+01	2.303718e+02
3.840000e-06	7.139279e-09	9.072644e-10	3.804748e+01	2.303504e+02
3.850000e-06	7.130440e-09	9.116421e-10	3.800038e+01	2.303468e+02
3.860000e-06	7.120604e-09	9.027783e-10	3.794796e+01	2.303592e+02
3.870000e-06	7.110122e-09	8.978384e-10	3.789210e+01	2.303849e+02
3.880000e-06	7.099475e-09	9.061942e-10	3.783536e+01	2.304203e+02
3.890000e-06	7.088385e-09	9.098243e-10	3.777626e+01	2.304611e+02
3.900000e-06	7.076497e-09	9.022352e-10	3.771291e+01	2.305024e+02
3.910000e-06	7.064102e-09	9.019686e-10	3.764685e+01	2.305392e+02
3.920000e-06	7.051388e-09	9.092548e-10	3.757909e+01	2.305664e+02
3.930000e-06	7.038016e-09	9.067042e-10	3.750783e+01	2.305793e+02
3.940000e-06	7.023945e-09	8.988670e-10	3.743284e+01	2.305738e+02
3.950000e-06	7.009556e-09	9.023189e-10	3.735616e+01	2.305467e+02
3.960000e-06	6.994831e-09	9.102618e-10	3.727768e+01	2.304956e+02
3.970000e-06	6.979395e-09	9.051938e-10	3.719542e+01	2.304195e+02
3.980000e-06	6.963319e-09	8.984872e-10	3.710975e+01	2.303186e+02
3.990000e-06	6.946918e-09	9.042552e-10	3.702234e+01	2.301941e+02
4.000000e-06	6.930105e-09	9.064865e-10	3.693274e+01	2.300484e+02
4.010000e-06	6.912726e-09	8.994682e-10	3.684012e+01	2.298847e+02
4.020000e-06	6.894904e-09	9.000351e-10	3.674514e+01	2.297068e+02
4.030000e-06	6.876661e-09	9.072520e-10	3.664792e+01	2.295187e+02
4.040000e-06	6.857866e-09	9.033742e-10	3.654776e+01	2.293243e+02
4.050000e-06	6.838547e-09	8.967409e-10	3.644480e+01	2.291271e+02
4.060000e-06	6.818735e-09	9.017900e-10	3.633922e+01	2.289299e+02
4.070000e-06	6.798311e-09	9.035187e-10	3.623037e+01	2.287343e+02
4.080000e-06	6.777259e-09	8.948592e-10	3.611818e+01	2.285404e+02
4.090000e-06	6.755605e-09	8.946432e-10	3.600278e+01	2.283472e+02
4.100000e-06	6.733406e-09	9.012157e-10	3.588447e+01	2.281519e+02
4.110000e-06	6.710758e-09	8.966254e-10	3.576377e+01	2.279504e+02
4.120000e-06	6.687671e-09	8.921187e-10	3.564074e+01	2.277371e+02
4.130000e-06	6.664099e-09	8.974704e-10	3.551512e+01	2.275056e+02
4.140000e-06	6.640103e-09	8.957406e-10	3.538723e+01	2.272484e+02
4.150000e-06	6.615697e-09	8.882769e-10	3.525717e+01	2.269580e+02
4.160000e-06	6.590731e-09	8.908329e-10	3.512411e+01	2.266267e+02
4.170000e-06	6.565182e-09	8.919404e-10	3.498796e+01	2.262472e+02
4.180000e-06	6.539179e-09	8.842922e-10	3.484938e+01	2.258134e+02
4.190000e-06	6.512731e-09	8.834471e-10	3.470843e+01	2.253200e+02
4.200000e-06	6.485802e-09	8.865581e-10	3.456492e+01	2.247634e+02
4.210000e-06	6.458393e-09	8.823735e-10	3.441884e+01	2.241414e+02
4.220000e-06	6.430444e-09	8.805151e-10	3.426990e+01	2.234538e+02
4.230000e-06	6.401935e-09	8.815331e-10	3.411797e+01	2.227018e+02
4.240000e-06	6.372971e-09	8.762324e-10	3.396361e+01	2.218883e+02
4.250000e-06	6.343625e-09	8.722951e-10	3.380721e+01	2.210175e+02
4.260000e-06	6.313858e-09	8.722751e-10	3.364857e+01	2.200948e+02
4.270000e-06	6.283613e-09	8.683794e-10	3.348739e+01	2.191261e+02
4.280000e-06	6.252839e-09	8.638223e-10	3.332339e+01	2.181177e+02
4.290000e-06	6.221512e-09	8.593389e-10	3.315644e+01	2.170760e+02
4.300000e-06	6.189673e-09	8.529132e-10	3.298676e+01	2.160072e+02
4.310000e-06	6.157375e-09	8.497061e-10	3.281463e+01	2.149166e+02
4.320000e-06	6.124631e-09	8.465958e-10	3.264013e+01	2.138089e+02
4.330000e-06	6.091480e-09	8.398230e-10	3.246345e+01	2.126878e+02
4.340000e-06	6.057944e-09	8.362514e-10	3.228473e+01	2.115560e+02
4.350000e-06	6.023965e-09	8.337484e-10	3.210365e+01	2.104150e+02
4.360000e-06	5.989477e-09	8.269814e-10	3.191985e+01	2.092655e+02
4.370000e-06	5.954491e-09	8.226036e-10	3.173340e+01	2.081075e+02
4.380000e-06	5.919083e-09	8.195613e-10	3.154470e+01	2.069401e+02
4.390000e-06	5.883315e-09	8.116452e-10	3.135408e+01	2.057622e+02
4.400000e-06	5.847184e-09	8.056771e-10	3.116153e+01	2.045725e+02
4.410000e-06	5.810679e-09	8.047212e-10	3.096698e+01	2.033694e+02
4.420000e-06	5.773798e-09	8.008133e-10	3.077043e+01	2.021516e+02
4.430000e-06	5.736486e-09	7.940150e-10	3.057159e+01	2.009182e+02
4.440000e-06	5.698683e-09	7.889323e-10	3.037012e+01	1.996683e+02
4.450000e-06	5.660412e-09	7.841640e-10	3.016616e+01	1.984016e+02
4.460000e-06	5.621724e-09	7.782898e-10	2.995998e+01	1.971181e+02
4.470000e-06	5.582636e-09	7.726325e-10	2.975167e+01	1.958181e+02
4.480000e-06	5.543181e-09	7.677613e-10	2.954140e+01	1.945020e+02
4.490000e-06	5.503374e-09	7.629714e-10	2.932926e+01	1.931705e+02
4.500000e-06	5.463181e-09	7.577335e-10	2.911506e+01	1.918243e+02
4.510000e-06	5.422566e-09	7.529430e-10	2.889861e+01	1.904639e+02
4.520000e-06	5.381502e-09	7.483792e-10	2.867977e+01	1.890899e+02
4.530000e-06	5.340005e-09	7.421116e-10	2.845862e+01	1.877026e+02
4.540000e-06	5.298153e-09	7.350404e-10	2.823557e+01	1.863020e+02
4.550000e-06	5.255959e-09	7.294539e-10	2.801071e+01	1.848881e+02
4.560000e-06	5.213396e-09	7.244508e-10	2.778388e+01	1.834607e+02
4.570000e-06	5.170484e-09	7.186292e-10	2.755519e+01	1.820194e+02
4.580000e-06	5.127241e-09	7.126570e-10	2.732473e+01	1.805639e+02
4.590000e-06	5.083639e-09	7.069098e-10	2.709236e+01	1.790938e+02
4.600000e-06	5.039658e-09	7.011124e-10	2.685797e+01	1.776090e+02
4.610000e-06	4.995291e-09	6.956329e-10	2.662153e+01	1.761092e+02
4.620000e-06	4.950509e-09	6.905042e-10	2.638287e+01	1.745946e+02
4.630000e-06	4.905312e-09	6.845465e-10	2.614200e+01	1.730653e+02
4.640000e-06	4.859751e-09	6.774628e-10	2.589919e+01	1.715219e+02
4.650000e-06	4.813841e-09	6.708684e-10	2.565452e+01	1.699649e+02
4.660000e-06	4.767561e-09	6.652184e-10	2.540789e+01	1.683949e+02
4.670000e-06	4.720925e-09	6.586812e-10	2.515935e+01	1.668126e+02
4.680000e-06	4.673930e-09	6.512145e-10	2.490890e+01	1.652186e+02
4.690000e-06	4.626539e-09	6.444433e-10	2.465634e+01	1.636135e+02
4.700000e-06	4.578746e-09	6.384613e-10	2.440164e+01	1.619978e+02
4.710000e-06	4.530596e-09	6.327710e-10	2.414503e+01	1.603717e+02
4.720000e-06	4.482118e-09	6.274870e-10	2.388667e+01	1.587354e+02
4.730000e-06	4.433319e-09	6.214309e-10	2.362661e+01	1.570889e+02
4.740000e-06	4.384211e-09	6.135758e-10	2.336490e+01	1.554320e+02
4.750000e-06	4.334815e-09	6.054785e-10	2.310165e+01	1.537647e+02
4.760000e-06	4.285128e-09	5.986078e-10	2.283685e+01	1.520868e+02
4.770000e-06	4.235138e-09	5.920566e-10	2.257044e+01	1.503981e+02
4.780000e-06	4.184822e-09	5.851136e-10	2.230229e+01	1.486986e+02
4.790000e-06	4.134163e-09	5.786521e-10	2.203231e+01	1.469886e+02
4.800000e-06	4.083170e-09	5.728037e-10	2.176055e+01	1.452683e+02
4.810000e-06	4.031884e-09	5.667518e-10	2.148723e+01	1.435382e+02
4.820000e-06	3.980339e-09	5.599872e-10	2.121254e+01	1.417989e+02
4.830000e-06	3.928548e-09	5.523453e-10	2.093652e+01	1.400512e+02
4.840000e-06	3.876501e-09	5.439818e-10	2.065915e+01	1.382959e+02
4.850000e-06	3.824187e-09	5.359166e-10	2.038036e+01	1.365337e+02
4.860000e-06	3.771603e-09	5.292740e-10	2.010012e+01	1.347654e+02
4.870000e-06	3.718749e-09	5.234280e-10	1.981844e+01	1.329914e+02
4.880000e-06	3.665625e-09	5.168912e-10	1.953533e+01	1.312123e+02
4.890000e-06	3.612222e-09	5.096116e-10	1.925073e+01	1.294280e+02
4.900000e-06	3.558532e-09	5.022609e-10	1.896459e+01	1.276385e+02
4.910000e-06	3.504555e-09	4.951558e-10	1.867694e+01	1.258434e+02
4.920000e-06	3.450307e-09	4.882034e-10	1.838783e+01	1.240423e+02
4.930000e-06	3.395815e-09	4.809111e-10	1.809742e+01	1.222343e+02
4.940000e-06	3.341110e-09	4.731329e-10	1.780588e+01	1.204188e+02
4.950000e-06	3.286205e-09	4.655215e-10	1.751328e+01	1.185951e+02
4.960000e-06	3.231092e-09	4.586578e-10	1.721956e+01	1.167625e+02
4.970000e-06	3.175758e-09	4.522542e-10	1.692467e+01	1.149207e+02
4.980000e-06	3.120197e-09	4.455250e-10	1.662857e+01	1.130692e+02
4.990000e-06	3.064395e-09	4.378137e-10	1.633119e+01	1.112083e+02
5.000000e-06	3.008330e-09	4.293121e-10	1.603240e+01	1.093381e+02
5.010000e-06	2.951988e-09	4.212209e-10	1.573213e+01	1.074592e+02
5.020000e-06	2.895375e-09	4.140866e-10	1.543043e+01	1.055724e+02
5.030000e-06	2.838514e-09	4.070940e-10	1.512739e+01	1.036784e+02
5.040000e-06	2.781424e-09	3.995186e-10	1.482315e+01	1.017783e+02
5.050000e-06	2.724116e-09	3.914710e-10	1.451773e+01	9.987281e+01
5.060000e-06	2.666600e-09	3.837521e-10	1.421121e+01	9.796279e+01
5.070000e-06	2.608892e-09	3.770334e-10	1.390367e+01	9.604881e+01
5.080000e-06	2.551014e-09	3.705001e-10	1.359522e+01	9.413124e+01
5.090000e-06	2.492981e-09	3.626313e-10	1.328594e+01	9.221015e+01
5.100000e-06	2.434794e-09	3.537574e-10	1.297585e+01	9.028540e+01
5.110000e-06	2.376449e-09	3.459273e-10	1.266491e+01	8.835657e+01
5.120000e-06	2.317942e-09	3.395922e-10	1.235310e+01	8.642310e+01
5.130000e-06	2.259274e-09	3.326855e-10	1.204044e+01	8.448429e+01
5.140000e-06	2.200451e-09	3.240645e-10	1.172696e+01	8.253944e+01
5.150000e-06	2.141475e-09	3.151242e-10	1.141265e+01	8.058788e+01
5.160000e-06	2.082349e-09	3.073138e-10	1.109755e+01	7.862912e+01
5.170000e-06	2.023081e-09	3.006288e-10	1.078170e+01	7.666283e+01
5.180000e-06	1.963682e-09	2.939606e-10	1.046514e+01	7.468895e+01
5.190000e-06	1.904157e-09	2.860494e-10	1.014791e+01	7.270770e+01
5.200000e-06	1.844505e-09	2.772312e-10	9.830011e+00	7.071953e+01
5.210000e-06	1.784726e-09	2.689858e-10	9.511426e+00	6.872511e+01
5.220000e-06	1.724817e-09	2.615757e-10	9.192153e+00	6.672527e+01
5.230000e-06	1.664777e-09	2.538442e-10	8.872182e+00	6.472092e+01
5.240000e-06	1.604601e-09	2.451114e-10	8.551487e+00	6.271293e+01
5.250000e-06	1.544286e-09	2.363926e-10	8.230048e+00	6.070211e+01
5.260000e-06	1.483834e-09	2.290341e-10	7.907881e+00	5.868905e+01
5.270000e-06	1.423250e-09	2.225759e-10	7.585012e+00	5.667413e+01
5.280000e-06	1.362543e-09	2.155384e-10	7.261482e+00	5.465744e+01
5.290000e-06	1.301721e-09	2.072696e-10	6.937343e+00	5.263877e+01
5.300000e-06	1.240798e-09	1.981324e-10	6.612663e+00	5.061767e+01
5.310000e-06	1.179791e-09	1.891413e-10	6.287538e+00	4.859348e+01
5.320000e-06	1.118717e-09	1.810995e-10	5.962058e+00	4.656538e+01
5.330000e-06	1.057588e-09	1.736770e-10	5.636283e+00	4.453250e+01
5.340000e-06	9.964094e-10	1.660665e-10	5.310241e+00	4.249405e+01
5.350000e-06	9.351811e-10	1.581250e-10	4.983935e+00	4.044934e+01
5.360000e-06	8.739023e-10	1.502550e-10	4.657361e+00	3.839793e+01
5.370000e-06	8.125723e-10	1.424007e-10	4.330514e+00	3.633964e+01
5.380000e-06	7.511919e-10	1.339634e-10	4.003399e+00	3.427463e+01
5.390000e-06	6.897618e-10	1.249612e-10	3.676018e+00	3.220340e+01
5.400000e-06	6.282800e-10	1.161586e-10	3.348362e+00	3.012674e+01
5.410000e-06	5.667472e-10	1.080580e-10	3.020434e+00	2.804568e+01
5.420000e-06	5.051684e-10	1.004272e-10	2.692261e+00	2.596147e+01
5.430000e-06	4.435503e-10	9.262927e-11	2.363878e+00	2.387542e+01
5.440000e-06	3.819021e-10	8.417338e-11	2.035336e+00	2.178883e+01
5.450000e-06	3.202354e-10	7.532677e-11	1.706694e+00	1.970294e+01
5.460000e-06	2.585626e-10	6.681137e-11	1.378020e+00	1.761876e+01
5.470000e-06	1.968926e-10	5.872038e-11	1.049361e+00	1.553709e+01
5.480000e-06	1.352294e-10	5.045087e-11	7.207385e-01	1.345843e+01
5.490000e-06	7.356994e-11	4.161529e-11	3.921355e-01	1.138301e+01
5.500000e-06	1.190641e-11	3.276663e-11	6.351102e-02	9.310781e+00
5.510000e-06	-4.976168e-11	2.475887e-11	-2.651378e-01	7.241471e+00
5.520000e-06	-1.114312e-10	1.734751e-11	-5.937942e-01	5.174654e+00
5.530000e-06	-1.730993e-10	9.447505e-12	-9.224432e-01	3.109827e+00
5.540000e-06	-2.347609e-10	6.998775e-13	-1.251058e+00	1.046489e+00
5.550000e-06	-2.964103e-10	-8.265706e-12	-1.579607e+00	-1.015777e+00
5.560000e-06	-3.580415e-10	-1.666304e-11	-1.908059e+00	-3.077244e+00
5.570000e-06	-4.196465e-10	-2.431480e-11	-2.236372e+00	-5.137989e+00
5.580000e-06	-4.812183e-10	-3.193844e-11	-2.564507e+00	-7.197879e+00
5.590000e-06	-5.427500e-10	-4.023315e-11	-2.892430e+00	-9.256574e+00
5.600000e-06	-6.042337e-10	-4.882739e-11	-3.220096e+00	-1.131356e+01
5.610000e-06	-6.656627e-10	-5.699002e-11	-3.547470e+00	-1.336819e+01
5.620000e-06	-7.270339e-10	-6.488540e-11	-3.874537e+00	-1.541979e+01
5.630000e-06	-7.883489e-10	-7.305366e-11	-4.201305e+00	-1.746768e+01
5.640000e-06	-8.496115e-10	-8.151428e-11	-4.527793e+00	-1.951130e+01
5.650000e-06	-9.108266e-10	-8.982696e-11	-4.854027e+00	-2.155026e+01
5.660000e-06	-9.719952e-10	-9.750904e-11	-5.180015e+00	-2.358437e+01
5.670000e-06	-1.033112e-09	-1.049456e-10	-5.505726e+00	-2.561372e+01
5.680000e-06	-1.094168e-09	-1.133142e-10	-5.831115e+00	-2.763863e+01
5.690000e-06	-1.155157e-09	-1.225866e-10	-6.156142e+00	-2.965967e+01
5.700000e-06	-1.216067e-09	-1.309610e-10	-6.480752e+00	-3.167756e+01
5.710000e-06	-1.276886e-09	-1.378969e-10	-6.804876e+00	-3.369317e+01
5.720000e-06	-1.337602e-09	-1.450674e-10	-7.128450e+00	-3.570737e+01
5.730000e-06	-1.398202e-09	-1.530229e-10	-7.451408e+00	-3.772098e+01
5.740000e-06	-1.458674e-09	-1.608823e-10	-7.773683e+00	-3.973466e+01
5.750000e-06	-1.519010e-09	-1.687691e-10	-8.095230e+00	-4.174887e+01
5.760000e-06	-1.579207e-09	-1.768236e-10	-8.416041e+00	-4.376376e+01
5.770000e-06	-1.639267e-09	-1.844991e-10	-8.736121e+00	-4.577918e+01
5.780000e-06	-1.699197e-09	-1.925376e-10	-9.055504e+00	-4.779467e+01
5.790000e-06	-1.759004e-09	-2.014912e-10	-9.374233e+00	-4.980946e+01
5.800000e-06	-1.818690e-09	-2.099021e-10	-9.692321e+00	-5.182254e+01
5.810000e-06	-1.878249e-09	-2.172023e-10	-1.000973e+01	-5.383273e+01
5.820000e-06	-1.937673e-09	-2.247931e-10	-1.032642e+01	-5.583873e+01
5.830000e-06	-1.996955e-09	-2.332133e-10	-1.064235e+01	-5.783926e+01
5.840000e-06	-2.056093e-09	-2.414953e-10	-1.095752e+01	-5.983312e+01
5.850000e-06	-2.115088e-09	-2.489646e-10	-1.127192e+01	-6.181927e+01
5.860000e-06	-2.173938e-09	-2.557564e-10	-1.158555e+01	-6.379691e+01
5.870000e-06	-2.232637e-09	-2.627643e-10	-1.189838e+01	-6.576548e+01
5.880000e-06	-2.291175e-09	-2.708568e-10	-1.221035e+01	-6.772474e+01
5.890000e-06	-2.349548e-09	-2.795192e-10	-1.252143e+01	-6.967469e+01
5.900000e-06	-2.407761e-09	-2.875711e-10	-1.283167e+01	-7.161558e+01
5.910000e-06	-2.465821e-09	-2.949066e-10	-1.314109e+01	-7.354785e+01
5.920000e-06	-2.523727e-09	-3.022663e-10	-1.344969e+01	-7.547205e+01
5.930000e-06	-2.581467e-09	-3.100396e-10	-1.375740e+01	-7.738880e+01
5.940000e-06	-2.639020e-09	-3.178032e-10	-1.406413e+01	-7.929865e+01
5.950000e-06	-2.696370e-09	-3.248948e-10	-1.436976e+01	-8.120212e+01
5.960000e-06	-2.753496e-09	-3.315167e-10	-1.467420e+01	-8.309954e+01
5.970000e-06	-2.810384e-09	-3.386888e-10	-1.497737e+01	-8.499111e+01
5.980000e-06	-2.867022e-09	-3.468233e-10	-1.527922e+01	-8.687684e+01
5.990000e-06	-2.923400e-09	-3.551056e-10	-1.557967e+01	-8.875654e+01
6.000000e-06	-2.979516e-09	-3.627602e-10	-1.587873e+01	-9.062992e+01
6.010000e-06	-3.035383e-09	-3.696681e-10	-1.617647e+01	-9.249656e+01
6.020000e-06	-3.091014e-09	-3.763707e-10	-1.647294e+01	-9.435598e+01
6.030000e-06	-3.146410e-09	-3.836903e-10	-1.676816e+01	-9.620770e+01
6.040000e-06	-3.201577e-09	-3.914006e-10	-1.706217e+01	-9.805130e+01
6.050000e-06	-3.256529e-09	-3.984702e-10	-1.735502e+01	-9.988643e+01
6.060000e-06	-3.311280e-09	-4.051380e-10	-1.764681e+01	-1.017129e+02
6.070000e-06	-3.365828e-09	-4.124049e-10	-1.793751e+01	-1.035305e+02
6.080000e-06	-3.420155e-09	-4.202580e-10	-1.822704e+01	-1.053393e+02
6.090000e-06	-3.474232e-09	-4.279461e-10	-1.851523e+01	-1.071394e+02
6.100000e-06	-3.528030e-09	-4.349913e-10	-1.880194e+01	-1.089310e+02
6.110000e-06	-3.581538e-09	-4.415888e-10	-1.908710e+01	-1.107142e+02
6.120000e-06	-3.634757e-09	-4.483920e-10	-1.937072e+01	-1.124893e+02
6.130000e-06	-3.687694e-09	-4.557930e-10	-1.965284e+01	-1.142563e+02
6.140000e-06	-3.740364e-09	-4.632396e-10	-1.993353e+01	-1.160152e+02
6.150000e-06	-3.792777e-09	-4.700550e-10	-2.021286e+01	-1.177659e+02
6.160000e-06	-3.844933e-09	-4.765328e-10	-2.049082e+01	-1.195082e+02
6.170000e-06	-3.896826e-09	-4.835690e-10	-2.076737e+01	-1.212415e+02
6.180000e-06	-3.948467e-09	-4.912434e-10	-2.104258e+01	-1.229654e+02
6.190000e-06	-3.999869e-09	-4.983267e-10	-2.131652e+01	-1.246793e+02
6.200000e-06	-4.051029e-09	-5.040196e-10	-2.158917e+01	-1.263824e+02
6.210000e-06	-4.101912e-09	-5.097865e-10	-2.186034e+01	-1.280741e+02
6.220000e-06	-4.152476e-09	-5.168551e-10	-2.212982e+01	-1.297539e+02
6.230000e-06	-4.202706e-09	-5.242824e-10	-2.239750e+01	-1.314212e+02
6.240000e-06	-4.252600e-09	-5.312844e-10	-2.266341e+01	-1.330757e+02
6.250000e-06	-4.302165e-09	-5.376797e-10	-2.292755e+01	-1.347172e+02
6.260000e-06	-4.351405e-09	-5.433527e-10	-2.318997e+01	-1.363457e+02
6.270000e-06	-4.400317e-09	-5.495254e-10	-2.345064e+01	-1.379613e+02
6.280000e-06	-4.448907e-09	-5.568648e-10	-2.370959e+01	-1.395644e+02
6.290000e-06	-4.497194e-09	-5.635871e-10	-2.396693e+01	-1.411554e+02
6.300000e-06	-4.545172e-09	-5.690870e-10	-2.422262e+01	-1.427347e+02
6.310000e-06	-4.592799e-09	-5.746981e-10	-2.447644e+01	-1.443029e+02
6.320000e-06	-4.640031e-09	-5.807514e-10	-2.472815e+01	-1.458603e+02
6.330000e-06	-4.686862e-09	-5.870345e-10	-2.497773e+01	-1.474073e+02
6.340000e-06	-4.733314e-09	-5.933221e-10	-2.522529e+01	-1.489441e+02
6.350000e-06	-4.779411e-09	-5.989991e-10	-2.547095e+01	-1.504710e+02
6.360000e-06	-4.825141e-09	-6.045550e-10	-2.571466e+01	-1.519877e+02
6.370000e-06	-4.870463e-09	-6.109573e-10	-2.595620e+01	-1.534940e+02
6.380000e-06	-4.915355e-09	-6.177369e-10	-2.619544e+01	-1.549897e+02
6.390000e-06	-4.959835e-09	-6.238244e-10	-2.643249e+01	-1.564742e+02
6.400000e-06	-5.003939e-09	-6.289125e-10	-2.666753e+01	-1.579471e+02
6.410000e-06	-5.047698e-09	-6.335106e-10	-2.690074e+01	-1.594077e+02
6.420000e-06	-5.091135e-09	-6.385422e-10	-2.713223e+01	-1.608556e+02
6.430000e-06	-5.134254e-09	-6.444050e-10	-2.736202e+01	-1.622903e+02
6.440000e-06	-5.177041e-09	-6.505821e-10	-2.759005e+01	-1.637115e+02
6.450000e-06	-5.219471e-09	-6.566490e-10	-2.781618e+01	-1.651188e+02
6.460000e-06	-5.261538e-09	-6.625757e-10	-2.804037e+01	-1.665121e+02
6.470000e-06	-5.303246e-09	-6.681843e-10	-2.826264e+01	-1.678915e+02
6.480000e-06	-5.344564e-09	-6.732405e-10	-2.848284e+01	-1.692570e+02
6.490000e-06	-5.385442e-09	-6.778628e-10	-2.870069e+01	-1.706087e+02
6.500000e-06	-5.425880e-09	-6.822415e-10	-2.891620e+01	-1.719469e+02
6.510000e-06	-5.465926e-09	-6.865562e-10	-2.912962e+01	-1.732719e+02
6.520000e-06	-5.505609e-09	-6.915011e-10	-2.934110e+01	-1.745839e+02
6.530000e-06	-5.544920e-09	-6.974037e-10	-2.955060e+01	-1.758830e+02
6.540000e-06	-5.583852e-09	-7.033340e-10	-2.975808e+01	-1.771695e+02
6.550000e-06	-5.622427e-09	-7.084969e-10	-2.996366e+01	-1.784434e+02
6.560000e-06	-5.660635e-09	-7.129660e-10	-3.016728e+01	-1.797048e+02
6.570000e-06	-5.698414e-09	-7.169350e-10	-3.036862e+01	-1.809535e+02
6.580000e-06	-5.735724e-09	-7.210661e-10	-3.056746e+01	-1.821894e+02
6.590000e-06	-5.772592e-09	-7.261228e-10	-3.076394e+01	-1.834125e+02
6.600000e-06	-5.809047e-09	-7.316117e-10	-3.095822e+01	-1.846225e+02
6.610000e-06	-5.845088e-09	-7.365407e-10	-3.115029e+01	-1.858193e+02
6.620000e-06	-5.880728e-09	-7.408431e-10	-3.134023e+01	-1.870027e+02
6.630000e-06	-5.916008e-09	-7.451356e-10	-3.152825e+01	-1.881725e+02
6.640000e-06	-5.950897e-09	-7.495493e-10	-3.171418e+01	-1.893288e+02
6.650000e-06	-5.985307e-09	-7.536990e-10	-3.189757e+01	-1.904715e+02
6.660000e-06	-6.019233e-09	-7.576324e-10	-3.207837e+01	-1.916007e+02
6.670000e-06	-6.052733e-09	-7.619481e-10	-3.225690e+01	-1.927162e+02
6.680000e-06	-6.085829e-09	-7.670258e-10	-3.243328e+01	-1.938183e+02
6.690000e-06	-6.118510e-09	-7.722943e-10	-3.260745e+01	-1.949069e+02
6.700000e-06	-6.150784e-09	-7.767245e-10	-3.277945e+01	-1.959820e+02
6.710000e-06	-6.182642e-09	-7.801333e-10	-3.294923e+01	-1.970437e+02
6.720000e-06	-6.214009e-09	-7.831831e-10	-3.311639e+01	-1.980919e+02
6.730000e-06	-6.244835e-09	-7.866078e-10	-3.328067e+01	-1.991265e+02
6.740000e-06	-6.275147e-09	-7.908208e-10	-3.344222e+01	-2.001472e+02
6.750000e-06	-6.304985e-09	-7.954651e-10	-3.360123e+01	-2.011538e+02
6.760000e-06	-6.334379e-09	-7.998834e-10	-3.375789e+01	-2.021462e+02
6.770000e-06	-6.363367e-09	-8.039657e-10	-3.391237e+01	-2.031238e+02
6.780000e-06	-6.391927e-09	-8.078882e-10	-3.406458e+01	-2.040866e+02
6.790000e-06	-6.419965e-09	-8.113080e-10	-3.421400e+01	-2.050340e+02
6.800000e-06	-6.447477e-09	-8.139919e-10	-3.436062e+01	-2.059659e+02
6.810000e-06	-6.474542e-09	-8.166792e-10	-3.450486e+01	-2.068821e+02
6.820000e-06	-6.501170e-09	-8.200169e-10	-3.464677e+01	-2.077823e+02
6.830000e-06	-6.527351e-09	-8.239108e-10	-3.478630e+01	-2.086663e+02
6.840000e-06	-6.553109e-09	-8.280957e-10	-3.492357e+01	-2.095342e+02
6.850000e-06	-6.578407e-09	-8.319947e-10	-3.505839e+01	-2.103859e+02
6.860000e-06	-6.603153e-09	-8.349629e-10	-3.519027e+01	-2.112214e+02
6.870000e-06	-6.627386e-09	-8.375137e-10	-3.531942e+01	-2.120406e+02
6.880000e-06	-6.651200e-09	-8.403599e-10	-3.544633e+01	-2.128436e+02
6.890000e-06	-6.674574e-09	-8.430958e-10	-3.557090e+01	-2.136302e+02
6.900000e-06	-6.697476e-09	-8.456012e-10	-3.569295e+01	-2.144006e+02
6.910000e-06	-6.719932e-09	-8.485595e-10	-3.581262e+01	-2.151545e+02
6.920000e-06	-6.741875e-09	-8.520283e-10	-3.592957e+01	-2.158917e+02
6.930000e-06	-6.763210e-09	-8.553248e-10	-3.604327e+01	-2.166121e+02
6.940000e-06	-6.783975e-09	-8.580854e-10	-3.615394e+01	-2.173155e+02
6.950000e-06	-6.804209e-09	-8.603111e-10	-3.626176e+01	-2.180015e+02
6.960000e-06	-6.823840e-09	-8.622856e-10	-3.636639e+01	-2.186698e+02
6.970000e-06	-6.842863e-09	-8.644451e-10	-3.646777e+01	-2.193203e+02
6.980000e-06	-6.861387e-09	-8.668864e-10	-3.656649e+01	-2.199526e+02
6.990000e-06	-6.879483e-09	-8.694492e-10	-3.666293e+01	-2.205665e+02
7.000000e-06	-6.897182e-09	-8.719290e-10	-3.675725e+01	-2.211620e+02
7.010000e-06	-6.914484e-09	-8.743750e-10	-3.684946e+01	-2.217389e+02
7.020000e-06	-6.931334e-09	-8.767954e-10	-3.693926e+01	-2.222974e+02
7.030000e-06	-6.947728e-09	-8.790640e-10	-3.702663e+01	-2.228374e+02
7.040000e-06	-6.963688e-09	-8.810928e-10	-3.711168e+01	-2.233591e+02
7.050000e-06	-6.979119e-09	-8.828652e-10	-3.719392e+01	-2.238628e+02
7.060000e-06	-6.993964e-09	-8.844485e-10	-3.727304e+01	-2.243486e+02
7.070000e-06	-7.008308e-09	-8.859799e-10	-3.734948e+01	-2.248170e+02
7.080000e-06	-7.022179e-09	-8.875689e-10	-3.742340e+01	-2.252681e+02
7.090000e-06	-7.035553e-09	-8.891051e-10	-3.749468e+01	-2.257021e+02
7.100000e-06	-7.048447e-09	-8.906978e-10	-3.756340e+01	-2.261194e+02
7.110000e-06	-7.060815e-09	-8.926276e-10	-3.762931e+01	-2.265200e+02
7.120000e-06	-7.072596e-09	-8.946918e-10	-3.769209e+01	-2.269041e+02
7.130000e-06	-7.083860e-09	-8.964495e-10	-3.775212e+01	-2.272719e+02
7.140000e-06	-7.094653e-09	-8.979200e-10	-3.780965e+01	-2.276233e+02
7.150000e-06	-7.104947e-09	-8.990949e-10	-3.786451e+01	-2.279583e+02
7.160000e-06	-7.114773e-09	-8.997580e-10	-3.791687e+01	-2.282771e+02
7.170000e-06	-7.124133e-09	-9.001961e-10	-3.796675e+01	-2.285795e+02
7.180000e-06	-7.132924e-09	-9.009723e-10	-3.801361e+01	-2.288656e+02
7.190000e-06	-7.141156e-09	-9.022075e-10	-3.805748e+01	-2.291354e+02
7.200000e-06	-7.148911e-09	-9.037416e-10	-3.809881e+01	-2.293888e+02
7.210000e-06	-7.156186e-09	-9.053297e-10	-3.813757e+01	-2.296259e+02
7.220000e-06	-7.162977e-09	-9.065830e-10	-3.817377e+01	-2.298467e+02
7.230000e-06	-7.169266e-09	-9.072701e-10	-3.820728e+01	-2.300512e+02
7.240000e-06	-7.174945e-09	-9.075633e-10	-3.823755e+01	-2.302393e+02
7.250000e-06	-7.179993e-09	-9.079776e-10	-3.826446e+01	-2.304108e+02
7.260000e-06	-7.184492e-09	-9.085709e-10	-3.828843e+01	-2.305657e+02
7.270000e-06	-7.188481e-09	-9.089962e-10	-3.830969e+01	-2.307036e+02
7.280000e-06	-7.191997e-09	-9.095593e-10	-3.832843e+01	-2.308242e+02
7.290000e-06	-7.195048e-09	-9.105674e-10	-3.834469e+01	-2.309270e+02
7.300000e-06	-7.197537e-09	-9.116726e-10	-3.835795e+01	-2.310117e+02
7.310000e-06	-7.199455e-09	-9.125530e-10	-3.836817e+01	-2.310777e+02
7.320000e-06	-7.200895e-09	-9.129348e-10	-3.837585e+01	-2.311246e+02
7.330000e-06	-7.201865e-09	-9.126276e-10	-3.838102e+01	-2.311520e+02
7.340000e-06	-7.202342e-09	-9.121043e-10	-3.838356e+01	-2.311599e+02
