# Temperatura_=_3.725029239766081
# Concentracion g/m^3_=_11700.0
# C_Vs_to_Am_M_A/Vsm_=_254322799225.57578
# pendiente_HvsI_1/m_=_3716.3
# ordenada_HvsI_A/m_=_1297.0
# frecuencia_Hz_=_136177.85850188258
# Promedio de 855 ciclos

Tiempo_(s)	Campo_(V.s)	Magnetizacion_(V.s)	Campo_(kA/m)	Magnetizacion_(A/m)
0.000000e+00	-7.148653e-09	-1.123421e-09	-3.839664e+01	-2.829947e+02
1.000000e-08	-7.148643e-09	-1.123841e-09	-3.839659e+01	-2.829925e+02
2.000000e-08	-7.148120e-09	-1.124141e-09	-3.839378e+01	-2.829717e+02
3.000000e-08	-7.147002e-09	-1.124012e-09	-3.838777e+01	-2.829356e+02
4.000000e-08	-7.145401e-09	-1.123971e-09	-3.837917e+01	-2.828871e+02
5.000000e-08	-7.143365e-09	-1.124429e-09	-3.836823e+01	-2.828292e+02
6.000000e-08	-7.140833e-09	-1.124556e-09	-3.835464e+01	-2.827646e+02
7.000000e-08	-7.137853e-09	-1.124186e-09	-3.833863e+01	-2.826952e+02
8.000000e-08	-7.134412e-09	-1.125314e-09	-3.832015e+01	-2.826227e+02
9.000000e-08	-7.130247e-09	-1.125257e-09	-3.829778e+01	-2.825478e+02
1.000000e-07	-7.125072e-09	-1.118283e-09	-3.826998e+01	-2.824707e+02
1.100000e-07	-7.118853e-09	-1.111557e-09	-3.823658e+01	-2.823911e+02
1.200000e-07	-7.112123e-09	-1.118954e-09	-3.820043e+01	-2.823083e+02
1.300000e-07	-7.105435e-09	-1.129080e-09	-3.816451e+01	-2.822212e+02
1.400000e-07	-7.098502e-09	-1.121885e-09	-3.812727e+01	-2.821288e+02
1.500000e-07	-7.090863e-09	-1.109493e-09	-3.808624e+01	-2.820304e+02
1.600000e-07	-7.082611e-09	-1.115386e-09	-3.804192e+01	-2.819255e+02
1.700000e-07	-7.074153e-09	-1.125166e-09	-3.799649e+01	-2.818142e+02
1.800000e-07	-7.065353e-09	-1.115644e-09	-3.794922e+01	-2.816970e+02
1.900000e-07	-7.055804e-09	-1.104734e-09	-3.789793e+01	-2.815751e+02
2.000000e-07	-7.045646e-09	-1.113082e-09	-3.784337e+01	-2.814501e+02
2.100000e-07	-7.035241e-09	-1.120652e-09	-3.778749e+01	-2.813241e+02
2.200000e-07	-7.024436e-09	-1.108687e-09	-3.772945e+01	-2.811991e+02
2.300000e-07	-7.012871e-09	-1.099532e-09	-3.766733e+01	-2.810775e+02
2.400000e-07	-7.000771e-09	-1.107059e-09	-3.760234e+01	-2.809609e+02
2.500000e-07	-6.988331e-09	-1.112351e-09	-3.753552e+01	-2.808508e+02
2.600000e-07	-6.975300e-09	-1.106611e-09	-3.746553e+01	-2.807479e+02
2.700000e-07	-6.961562e-09	-1.105067e-09	-3.739174e+01	-2.806523e+02
2.800000e-07	-6.947387e-09	-1.107661e-09	-3.731561e+01	-2.805632e+02
2.900000e-07	-6.932793e-09	-1.099252e-09	-3.723722e+01	-2.804789e+02
3.000000e-07	-6.917614e-09	-1.092347e-09	-3.715569e+01	-2.803973e+02
3.100000e-07	-6.901965e-09	-1.099588e-09	-3.707163e+01	-2.803154e+02
3.200000e-07	-6.885950e-09	-1.102926e-09	-3.698562e+01	-2.802304e+02
3.300000e-07	-6.869322e-09	-1.097879e-09	-3.689630e+01	-2.801390e+02
3.400000e-07	-6.852051e-09	-1.101486e-09	-3.680354e+01	-2.800383e+02
3.500000e-07	-6.834399e-09	-1.105457e-09	-3.670873e+01	-2.799254e+02
3.600000e-07	-6.816337e-09	-1.094895e-09	-3.661171e+01	-2.797983e+02
3.700000e-07	-6.797709e-09	-1.087888e-09	-3.651166e+01	-2.796551e+02
3.800000e-07	-6.778587e-09	-1.093727e-09	-3.640895e+01	-2.794948e+02
3.900000e-07	-6.758913e-09	-1.094153e-09	-3.630328e+01	-2.793165e+02
4.000000e-07	-6.738478e-09	-1.089788e-09	-3.619352e+01	-2.791198e+02
4.100000e-07	-6.717397e-09	-1.095615e-09	-3.608029e+01	-2.789041e+02
4.200000e-07	-6.695883e-09	-1.097845e-09	-3.596473e+01	-2.786689e+02
4.300000e-07	-6.673945e-09	-1.087988e-09	-3.584690e+01	-2.784130e+02
4.400000e-07	-6.651558e-09	-1.085822e-09	-3.572665e+01	-2.781347e+02
4.500000e-07	-6.628712e-09	-1.088035e-09	-3.560395e+01	-2.778311e+02
4.600000e-07	-6.605298e-09	-1.078487e-09	-3.547818e+01	-2.774988e+02
4.700000e-07	-6.581348e-09	-1.073594e-09	-3.534955e+01	-2.771331e+02
4.800000e-07	-6.556978e-09	-1.080269e-09	-3.521865e+01	-2.767286e+02
4.900000e-07	-6.532191e-09	-1.076749e-09	-3.508551e+01	-2.762793e+02
5.000000e-07	-6.506952e-09	-1.070338e-09	-3.494995e+01	-2.757788e+02
5.100000e-07	-6.481282e-09	-1.075923e-09	-3.481207e+01	-2.752208e+02
5.200000e-07	-6.455087e-09	-1.073242e-09	-3.467137e+01	-2.745995e+02
5.300000e-07	-6.428294e-09	-1.059798e-09	-3.452747e+01	-2.739100e+02
5.400000e-07	-6.401015e-09	-1.058590e-09	-3.438094e+01	-2.731484e+02
5.500000e-07	-6.373324e-09	-1.058777e-09	-3.423221e+01	-2.723128e+02
5.600000e-07	-6.345173e-09	-1.048122e-09	-3.408101e+01	-2.714029e+02
5.700000e-07	-6.316588e-09	-1.044311e-09	-3.392747e+01	-2.704201e+02
5.800000e-07	-6.287597e-09	-1.046217e-09	-3.377176e+01	-2.693682e+02
5.900000e-07	-6.258115e-09	-1.038262e-09	-3.361340e+01	-2.682521e+02
6.000000e-07	-6.228088e-09	-1.030571e-09	-3.345213e+01	-2.670785e+02
6.100000e-07	-6.197565e-09	-1.029847e-09	-3.328818e+01	-2.658550e+02
6.200000e-07	-6.166554e-09	-1.023960e-09	-3.312161e+01	-2.645898e+02
6.300000e-07	-6.135019e-09	-1.014941e-09	-3.295224e+01	-2.632911e+02
6.400000e-07	-6.102953e-09	-1.012297e-09	-3.278000e+01	-2.619667e+02
6.500000e-07	-6.070400e-09	-1.009957e-09	-3.260516e+01	-2.606234e+02
6.600000e-07	-6.037437e-09	-1.003788e-09	-3.242811e+01	-2.592669e+02
6.700000e-07	-6.004095e-09	-9.996908e-10	-3.224902e+01	-2.579015e+02
6.800000e-07	-5.970372e-09	-9.958763e-10	-3.206789e+01	-2.565296e+02
6.900000e-07	-5.936241e-09	-9.884540e-10	-3.188456e+01	-2.551521e+02
7.000000e-07	-5.901704e-09	-9.818003e-10	-3.169906e+01	-2.537685e+02
7.100000e-07	-5.866789e-09	-9.776850e-10	-3.151152e+01	-2.523767e+02
7.200000e-07	-5.831504e-09	-9.723095e-10	-3.132200e+01	-2.509741e+02
7.300000e-07	-5.795797e-09	-9.665697e-10	-3.113021e+01	-2.495571e+02
7.400000e-07	-5.759619e-09	-9.621432e-10	-3.093590e+01	-2.481223e+02
7.500000e-07	-5.723007e-09	-9.571891e-10	-3.073925e+01	-2.466661e+02
7.600000e-07	-5.686011e-09	-9.512287e-10	-3.054054e+01	-2.451857e+02
7.700000e-07	-5.648614e-09	-9.457564e-10	-3.033967e+01	-2.436792e+02
7.800000e-07	-5.610805e-09	-9.395798e-10	-3.013659e+01	-2.421453e+02
7.900000e-07	-5.572600e-09	-9.326349e-10	-2.993139e+01	-2.405839e+02
8.000000e-07	-5.533983e-09	-9.269856e-10	-2.972396e+01	-2.389960e+02
8.100000e-07	-5.494891e-09	-9.219212e-10	-2.951399e+01	-2.373832e+02
8.200000e-07	-5.455328e-09	-9.155558e-10	-2.930150e+01	-2.357478e+02
8.300000e-07	-5.415367e-09	-9.085984e-10	-2.908686e+01	-2.340926e+02
8.400000e-07	-5.375036e-09	-9.018781e-10	-2.887024e+01	-2.324204e+02
8.500000e-07	-5.334333e-09	-8.955414e-10	-2.865161e+01	-2.307339e+02
8.600000e-07	-5.293276e-09	-8.900418e-10	-2.843109e+01	-2.290353e+02
8.700000e-07	-5.251902e-09	-8.848365e-10	-2.820886e+01	-2.273264e+02
8.800000e-07	-5.210192e-09	-8.784257e-10	-2.798483e+01	-2.256081e+02
8.900000e-07	-5.168068e-09	-8.707626e-10	-2.775857e+01	-2.238809e+02
9.000000e-07	-5.125503e-09	-8.630744e-10	-2.752995e+01	-2.221444e+02
9.100000e-07	-5.082538e-09	-8.557814e-10	-2.729918e+01	-2.203976e+02
9.200000e-07	-5.039200e-09	-8.486573e-10	-2.706640e+01	-2.186394e+02
9.300000e-07	-4.995490e-09	-8.415622e-10	-2.683163e+01	-2.168680e+02
9.400000e-07	-4.951424e-09	-8.348833e-10	-2.659494e+01	-2.150821e+02
9.500000e-07	-4.907020e-09	-8.289908e-10	-2.635644e+01	-2.132802e+02
9.600000e-07	-4.862295e-09	-8.233606e-10	-2.611621e+01	-2.114611e+02
9.700000e-07	-4.817231e-09	-8.165195e-10	-2.587417e+01	-2.096243e+02
9.800000e-07	-4.771739e-09	-8.081532e-10	-2.562982e+01	-2.077695e+02
9.900000e-07	-4.725769e-09	-7.995930e-10	-2.538291e+01	-2.058969e+02
1.000000e-06	-4.679399e-09	-7.921057e-10	-2.513385e+01	-2.040073e+02
1.010000e-06	-4.632727e-09	-7.854379e-10	-2.488316e+01	-2.021016e+02
1.020000e-06	-4.585750e-09	-7.786327e-10	-2.463084e+01	-2.001811e+02
1.030000e-06	-4.538447e-09	-7.712918e-10	-2.437677e+01	-1.982470e+02
1.040000e-06	-4.490833e-09	-7.640671e-10	-2.412103e+01	-1.963004e+02
1.050000e-06	-4.442915e-09	-7.571534e-10	-2.386365e+01	-1.943424e+02
1.060000e-06	-4.394660e-09	-7.497755e-10	-2.360447e+01	-1.923736e+02
1.070000e-06	-4.346037e-09	-7.415206e-10	-2.334330e+01	-1.903944e+02
1.080000e-06	-4.297029e-09	-7.328979e-10	-2.308007e+01	-1.884049e+02
1.090000e-06	-4.247662e-09	-7.247417e-10	-2.281492e+01	-1.864046e+02
1.100000e-06	-4.197998e-09	-7.174944e-10	-2.254816e+01	-1.843931e+02
1.110000e-06	-4.148079e-09	-7.106013e-10	-2.228004e+01	-1.823696e+02
1.120000e-06	-4.097897e-09	-7.031913e-10	-2.201050e+01	-1.803334e+02
1.130000e-06	-4.047437e-09	-6.949865e-10	-2.173947e+01	-1.782838e+02
1.140000e-06	-3.996718e-09	-6.865992e-10	-2.146705e+01	-1.762202e+02
1.150000e-06	-3.945757e-09	-6.785754e-10	-2.119333e+01	-1.741423e+02
1.160000e-06	-3.894532e-09	-6.706522e-10	-2.091819e+01	-1.720501e+02
1.170000e-06	-3.843013e-09	-6.625461e-10	-2.064147e+01	-1.699439e+02
1.180000e-06	-3.791174e-09	-6.542194e-10	-2.036304e+01	-1.678241e+02
1.190000e-06	-3.739007e-09	-6.459285e-10	-2.008284e+01	-1.656914e+02
1.200000e-06	-3.686528e-09	-6.379686e-10	-1.980097e+01	-1.635466e+02
1.210000e-06	-3.633773e-09	-6.300348e-10	-1.951761e+01	-1.613906e+02
1.220000e-06	-3.580777e-09	-6.215188e-10	-1.923296e+01	-1.592243e+02
1.230000e-06	-3.527543e-09	-6.127826e-10	-1.894703e+01	-1.570484e+02
1.240000e-06	-3.474068e-09	-6.043682e-10	-1.865981e+01	-1.548634e+02
1.250000e-06	-3.420358e-09	-5.960415e-10	-1.837132e+01	-1.526696e+02
1.260000e-06	-3.366429e-09	-5.878507e-10	-1.808166e+01	-1.504672e+02
1.270000e-06	-3.312278e-09	-5.792840e-10	-1.779080e+01	-1.482562e+02
1.280000e-06	-3.257891e-09	-5.699936e-10	-1.749868e+01	-1.460362e+02
1.290000e-06	-3.203263e-09	-5.611608e-10	-1.720527e+01	-1.438072e+02
1.300000e-06	-3.148392e-09	-5.529278e-10	-1.691055e+01	-1.415687e+02
1.310000e-06	-3.093255e-09	-5.443176e-10	-1.661440e+01	-1.393205e+02
1.320000e-06	-3.037825e-09	-5.355132e-10	-1.631667e+01	-1.370625e+02
1.330000e-06	-2.982107e-09	-5.270747e-10	-1.601740e+01	-1.347948e+02
1.340000e-06	-2.926131e-09	-5.183979e-10	-1.571674e+01	-1.325174e+02
1.350000e-06	-2.869918e-09	-5.095585e-10	-1.541482e+01	-1.302308e+02
1.360000e-06	-2.813482e-09	-5.010146e-10	-1.511169e+01	-1.279354e+02
1.370000e-06	-2.756826e-09	-4.919773e-10	-1.480738e+01	-1.256317e+02
1.380000e-06	-2.699945e-09	-4.822204e-10	-1.450186e+01	-1.233203e+02
1.390000e-06	-2.642852e-09	-4.730047e-10	-1.419521e+01	-1.210015e+02
1.400000e-06	-2.585570e-09	-4.645475e-10	-1.388754e+01	-1.186758e+02
1.410000e-06	-2.528096e-09	-4.556806e-10	-1.357883e+01	-1.163432e+02
1.420000e-06	-2.470423e-09	-4.462744e-10	-1.326906e+01	-1.140038e+02
1.430000e-06	-2.412558e-09	-4.368313e-10	-1.295826e+01	-1.116572e+02
1.440000e-06	-2.354517e-09	-4.274081e-10	-1.264651e+01	-1.093029e+02
1.450000e-06	-2.296312e-09	-4.183659e-10	-1.233388e+01	-1.069406e+02
1.460000e-06	-2.237952e-09	-4.097925e-10	-1.202042e+01	-1.045694e+02
1.470000e-06	-2.179436e-09	-4.007425e-10	-1.170612e+01	-1.021887e+02
1.480000e-06	-2.120765e-09	-3.908365e-10	-1.139099e+01	-9.979821e+01
1.490000e-06	-2.061944e-09	-3.809861e-10	-1.107505e+01	-9.739746e+01
1.500000e-06	-2.002987e-09	-3.715883e-10	-1.075838e+01	-9.498648e+01
1.510000e-06	-1.943907e-09	-3.620818e-10	-1.044105e+01	-9.256552e+01
1.520000e-06	-1.884718e-09	-3.524063e-10	-1.012314e+01	-9.013516e+01
1.530000e-06	-1.825429e-09	-3.429191e-10	-9.804685e+00	-8.769626e+01
1.540000e-06	-1.766045e-09	-3.339233e-10	-9.485721e+00	-8.524991e+01
1.550000e-06	-1.706565e-09	-3.252234e-10	-9.166244e+00	-8.279734e+01
1.560000e-06	-1.646985e-09	-3.161504e-10	-8.846231e+00	-8.033984e+01
1.570000e-06	-1.587300e-09	-3.061159e-10	-8.525655e+00	-7.787865e+01
1.580000e-06	-1.527504e-09	-2.956006e-10	-8.204479e+00	-7.541485e+01
1.590000e-06	-1.467592e-09	-2.855797e-10	-7.882682e+00	-7.294926e+01
1.600000e-06	-1.407565e-09	-2.762447e-10	-7.560262e+00	-7.048239e+01
1.610000e-06	-1.347422e-09	-2.671464e-10	-7.237228e+00	-6.801443e+01
1.620000e-06	-1.287167e-09	-2.576406e-10	-6.913583e+00	-6.554519e+01
1.630000e-06	-1.226803e-09	-2.478059e-10	-6.589363e+00	-6.307420e+01
1.640000e-06	-1.166346e-09	-2.382362e-10	-6.264638e+00	-6.060076e+01
1.650000e-06	-1.105810e-09	-2.288441e-10	-5.939487e+00	-5.812401e+01
1.660000e-06	-1.045209e-09	-2.191515e-10	-5.613989e+00	-5.564308e+01
1.670000e-06	-9.845519e-10	-2.091136e-10	-5.288189e+00	-5.315716e+01
1.680000e-06	-9.238381e-10	-1.991067e-10	-4.962085e+00	-5.066564e+01
1.690000e-06	-8.630603e-10	-1.895462e-10	-4.635637e+00	-4.816816e+01
1.700000e-06	-8.022128e-10	-1.802467e-10	-4.308815e+00	-4.566471e+01
1.710000e-06	-7.412962e-10	-1.706868e-10	-3.981622e+00	-4.315560e+01
1.720000e-06	-6.803100e-10	-1.605505e-10	-3.654054e+00	-4.064149e+01
1.730000e-06	-6.192537e-10	-1.501198e-10	-3.326111e+00	-3.812329e+01
1.740000e-06	-5.581330e-10	-1.400979e-10	-2.997822e+00	-3.560214e+01
1.750000e-06	-4.969566e-10	-1.305645e-10	-2.669233e+00	-3.307926e+01
1.760000e-06	-4.357294e-10	-1.208987e-10	-2.340372e+00	-3.055588e+01
1.770000e-06	-3.744587e-10	-1.108177e-10	-2.011277e+00	-2.803311e+01
1.780000e-06	-3.131561e-10	-1.007321e-10	-1.682011e+00	-2.551185e+01
1.790000e-06	-2.518370e-10	-9.098975e-11	-1.352656e+00	-2.299273e+01
1.800000e-06	-1.905184e-10	-8.129997e-11	-1.023304e+00	-2.047606e+01
1.810000e-06	-1.292092e-10	-7.128205e-11	-6.940021e-01	-1.796183e+01
1.820000e-06	-6.791142e-11	-6.120473e-11	-3.647615e-01	-1.544976e+01
1.830000e-06	-6.620692e-12	-5.154818e-11	-3.555909e-02	-1.293933e+01
1.840000e-06	5.466946e-11	-4.220205e-11	2.936403e-01	-1.042988e+01
1.850000e-06	1.159609e-10	-3.266749e-11	6.228464e-01	-7.920705e+00
1.860000e-06	1.772542e-10	-2.260733e-11	9.520627e-01	-5.411168e+00
1.870000e-06	2.385474e-10	-1.227753e-11	1.281279e+00	-2.900771e+00
1.880000e-06	2.998334e-10	-2.212875e-12	1.610456e+00	-3.892403e-01
1.890000e-06	3.611022e-10	7.459828e-12	1.939541e+00	2.123433e+00
1.900000e-06	4.223453e-10	1.708418e-11	2.268487e+00	4.636976e+00
1.910000e-06	4.835546e-10	2.701923e-11	2.597252e+00	7.150858e+00
1.920000e-06	5.447169e-10	3.700099e-11	2.925765e+00	9.664340e+00
1.930000e-06	6.058194e-10	4.667610e-11	3.253957e+00	1.217655e+01
1.940000e-06	6.668517e-10	5.636938e-11	3.581771e+00	1.468658e+01
1.950000e-06	7.278034e-10	6.624628e-11	3.909152e+00	1.719357e+01
1.960000e-06	7.886708e-10	7.607468e-11	4.236081e+00	1.969683e+01
1.970000e-06	8.494577e-10	8.587868e-11	4.562578e+00	2.219587e+01
1.980000e-06	9.101732e-10	9.550265e-11	4.888691e+00	2.469048e+01
1.990000e-06	9.708247e-10	1.047922e-10	5.214461e+00	2.718077e+01
2.000000e-06	1.031412e-09	1.143866e-10	5.539886e+00	2.966710e+01
2.010000e-06	1.091932e-09	1.246860e-10	5.864947e+00	3.215007e+01
2.020000e-06	1.152378e-09	1.349864e-10	6.189612e+00	3.463045e+01
2.030000e-06	1.212741e-09	1.447507e-10	6.513834e+00	3.710907e+01
2.040000e-06	1.273015e-09	1.540305e-10	6.837575e+00	3.958671e+01
2.050000e-06	1.333192e-09	1.632231e-10	7.160800e+00	4.206403e+01
2.060000e-06	1.393266e-09	1.728396e-10	7.483463e+00	4.454146e+01
2.070000e-06	1.453226e-09	1.827582e-10	7.805522e+00	4.701913e+01
2.080000e-06	1.513069e-09	1.924995e-10	8.126945e+00	4.949685e+01
2.090000e-06	1.572792e-09	2.020417e-10	8.447728e+00	5.197409e+01
2.100000e-06	1.632400e-09	2.118033e-10	8.767895e+00	5.445004e+01
2.110000e-06	1.691903e-09	2.217276e-10	9.087498e+00	5.692364e+01
2.120000e-06	1.751311e-09	2.314525e-10	9.406586e+00	5.939369e+01
2.130000e-06	1.810625e-09	2.409576e-10	9.725175e+00	6.185893e+01
2.140000e-06	1.869842e-09	2.503474e-10	1.004324e+01	6.431816e+01
2.150000e-06	1.928951e-09	2.599326e-10	1.036073e+01	6.677033e+01
2.160000e-06	1.987941e-09	2.697076e-10	1.067757e+01	6.921463e+01
2.170000e-06	2.046798e-09	2.791751e-10	1.099370e+01	7.165051e+01
2.180000e-06	2.105512e-09	2.884135e-10	1.130906e+01	7.407772e+01
2.190000e-06	2.164074e-09	2.979704e-10	1.162361e+01	7.649633e+01
2.200000e-06	2.222478e-09	3.078050e-10	1.193731e+01	7.890662e+01
2.210000e-06	2.280715e-09	3.173908e-10	1.225011e+01	8.130906e+01
2.220000e-06	2.338772e-09	3.268602e-10	1.256195e+01	8.370422e+01
2.230000e-06	2.396638e-09	3.364633e-10	1.287275e+01	8.609265e+01
2.240000e-06	2.454305e-09	3.456303e-10	1.318249e+01	8.847479e+01
2.250000e-06	2.511775e-09	3.542743e-10	1.349117e+01	9.085093e+01
2.260000e-06	2.569057e-09	3.629950e-10	1.379884e+01	9.322110e+01
2.270000e-06	2.626153e-09	3.719328e-10	1.410552e+01	9.558509e+01
2.280000e-06	2.683063e-09	3.812778e-10	1.441119e+01	9.794240e+01
2.290000e-06	2.739779e-09	3.913297e-10	1.471582e+01	1.002923e+02
2.300000e-06	2.796295e-09	4.015611e-10	1.501938e+01	1.026339e+02
2.310000e-06	2.852611e-09	4.109896e-10	1.532186e+01	1.049663e+02
2.320000e-06	2.908718e-09	4.195444e-10	1.562322e+01	1.072884e+02
2.330000e-06	2.964595e-09	4.276782e-10	1.592334e+01	1.095992e+02
2.340000e-06	3.020213e-09	4.357407e-10	1.622208e+01	1.118981e+02
2.350000e-06	3.075552e-09	4.444916e-10	1.651932e+01	1.141845e+02
2.360000e-06	3.130611e-09	4.538791e-10	1.681505e+01	1.164582e+02
2.370000e-06	3.185399e-09	4.634778e-10	1.710932e+01	1.187190e+02
2.380000e-06	3.239926e-09	4.732744e-10	1.740220e+01	1.209671e+02
2.390000e-06	3.294206e-09	4.826206e-10	1.769374e+01	1.232031e+02
2.400000e-06	3.348255e-09	4.907660e-10	1.798405e+01	1.254273e+02
2.410000e-06	3.402081e-09	4.981136e-10	1.827316e+01	1.276404e+02
2.420000e-06	3.455683e-09	5.058437e-10	1.856106e+01	1.298428e+02
2.430000e-06	3.509051e-09	5.146004e-10	1.884771e+01	1.320348e+02
2.440000e-06	3.562186e-09	5.241272e-10	1.913311e+01	1.342168e+02
2.450000e-06	3.615091e-09	5.334867e-10	1.941727e+01	1.363886e+02
2.460000e-06	3.667757e-09	5.421018e-10	1.970015e+01	1.385500e+02
2.470000e-06	3.720147e-09	5.502704e-10	1.998155e+01	1.407006e+02
2.480000e-06	3.772227e-09	5.584274e-10	2.026127e+01	1.428396e+02
2.490000e-06	3.823982e-09	5.665365e-10	2.053926e+01	1.449666e+02
2.500000e-06	3.875421e-09	5.745642e-10	2.081555e+01	1.470806e+02
2.510000e-06	3.926563e-09	5.824982e-10	2.109024e+01	1.491812e+02
2.520000e-06	3.977429e-09	5.903113e-10	2.136345e+01	1.512678e+02
2.530000e-06	4.028039e-09	5.984233e-10	2.163528e+01	1.533401e+02
2.540000e-06	4.078387e-09	6.069415e-10	2.190571e+01	1.553984e+02
2.550000e-06	4.128471e-09	6.151183e-10	2.217472e+01	1.574427e+02
2.560000e-06	4.178304e-09	6.226452e-10	2.244239e+01	1.594736e+02
2.570000e-06	4.227891e-09	6.302624e-10	2.270873e+01	1.614920e+02
2.580000e-06	4.277202e-09	6.381968e-10	2.297358e+01	1.634985e+02
2.590000e-06	4.326179e-09	6.461579e-10	2.323665e+01	1.654942e+02
2.600000e-06	4.374781e-09	6.540088e-10	2.349769e+01	1.674798e+02
2.610000e-06	4.423006e-09	6.613608e-10	2.375672e+01	1.694560e+02
2.620000e-06	4.470881e-09	6.683894e-10	2.401387e+01	1.714231e+02
2.630000e-06	4.518437e-09	6.757771e-10	2.426930e+01	1.733814e+02
2.640000e-06	4.565687e-09	6.834745e-10	2.452309e+01	1.753304e+02
2.650000e-06	4.612622e-09	6.911789e-10	2.477518e+01	1.772697e+02
2.660000e-06	4.659230e-09	6.988082e-10	2.502552e+01	1.791984e+02
2.670000e-06	4.705484e-09	7.064248e-10	2.527396e+01	1.811154e+02
2.680000e-06	4.751339e-09	7.139292e-10	2.552025e+01	1.830194e+02
2.690000e-06	4.796768e-09	7.211444e-10	2.576426e+01	1.849091e+02
2.700000e-06	4.841791e-09	7.282100e-10	2.600609e+01	1.867833e+02
2.710000e-06	4.886455e-09	7.351380e-10	2.624598e+01	1.886409e+02
2.720000e-06	4.930789e-09	7.420439e-10	2.648411e+01	1.904810e+02
2.730000e-06	4.974795e-09	7.491859e-10	2.672047e+01	1.923031e+02
2.740000e-06	5.018460e-09	7.564819e-10	2.695500e+01	1.941069e+02
2.750000e-06	5.061800e-09	7.635885e-10	2.718779e+01	1.958926e+02
2.760000e-06	5.104820e-09	7.705314e-10	2.741886e+01	1.976605e+02
2.770000e-06	5.147469e-09	7.774656e-10	2.764794e+01	1.994111e+02
2.780000e-06	5.189679e-09	7.839893e-10	2.787466e+01	2.011452e+02
2.790000e-06	5.231449e-09	7.901595e-10	2.809901e+01	2.028635e+02
2.800000e-06	5.272828e-09	7.966075e-10	2.832126e+01	2.045668e+02
2.810000e-06	5.313850e-09	8.032104e-10	2.854160e+01	2.062556e+02
2.820000e-06	5.354514e-09	8.098202e-10	2.876001e+01	2.079304e+02
2.830000e-06	5.394819e-09	8.165889e-10	2.897650e+01	2.095913e+02
2.840000e-06	5.434775e-09	8.231343e-10	2.919111e+01	2.112383e+02
2.850000e-06	5.474346e-09	8.293503e-10	2.940365e+01	2.128712e+02
2.860000e-06	5.513459e-09	8.354927e-10	2.961373e+01	2.144896e+02
2.870000e-06	5.552088e-09	8.414270e-10	2.982121e+01	2.160930e+02
2.880000e-06	5.590281e-09	8.470128e-10	3.002635e+01	2.176808e+02
2.890000e-06	5.628078e-09	8.526340e-10	3.022937e+01	2.192523e+02
2.900000e-06	5.665489e-09	8.587796e-10	3.043031e+01	2.208072e+02
2.910000e-06	5.702533e-09	8.652756e-10	3.062928e+01	2.223451e+02
2.920000e-06	5.739239e-09	8.715228e-10	3.082643e+01	2.238656e+02
2.930000e-06	5.775563e-09	8.772422e-10	3.102154e+01	2.253687e+02
2.940000e-06	5.811413e-09	8.825831e-10	3.121410e+01	2.268544e+02
2.950000e-06	5.846776e-09	8.882169e-10	3.140404e+01	2.283227e+02
2.960000e-06	5.881720e-09	8.942076e-10	3.159172e+01	2.297739e+02
2.970000e-06	5.916278e-09	8.998127e-10	3.177734e+01	2.312080e+02
2.980000e-06	5.950441e-09	9.051497e-10	3.196084e+01	2.326250e+02
2.990000e-06	5.984222e-09	9.107612e-10	3.214228e+01	2.340249e+02
3.000000e-06	6.017644e-09	9.166515e-10	3.232179e+01	2.354074e+02
3.010000e-06	6.050655e-09	9.220361e-10	3.249911e+01	2.367722e+02
3.020000e-06	6.083189e-09	9.266881e-10	3.267385e+01	2.381188e+02
3.030000e-06	6.115244e-09	9.312532e-10	3.284602e+01	2.394465e+02
3.040000e-06	6.146843e-09	9.359965e-10	3.301574e+01	2.407548e+02
3.050000e-06	6.177990e-09	9.412104e-10	3.318304e+01	2.420431e+02
3.060000e-06	6.208706e-09	9.469483e-10	3.334802e+01	2.433108e+02
3.070000e-06	6.238994e-09	9.525791e-10	3.351070e+01	2.445577e+02
3.080000e-06	6.268789e-09	9.574269e-10	3.367074e+01	2.457836e+02
3.090000e-06	6.298028e-09	9.619733e-10	3.382779e+01	2.469886e+02
3.100000e-06	6.326766e-09	9.667373e-10	3.398214e+01	2.481731e+02
3.110000e-06	6.355070e-09	9.711342e-10	3.413417e+01	2.493376e+02
3.120000e-06	6.382933e-09	9.747191e-10	3.428383e+01	2.504828e+02
3.130000e-06	6.410363e-09	9.782553e-10	3.443116e+01	2.516094e+02
3.140000e-06	6.437387e-09	9.827090e-10	3.457630e+01	2.527182e+02
3.150000e-06	6.463935e-09	9.878021e-10	3.471890e+01	2.538099e+02
3.160000e-06	6.489922e-09	9.929471e-10	3.485848e+01	2.548849e+02
3.170000e-06	6.515402e-09	9.977724e-10	3.499534e+01	2.559434e+02
3.180000e-06	6.540449e-09	1.001867e-09	3.512987e+01	2.569853e+02
3.190000e-06	6.565064e-09	1.005424e-09	3.526208e+01	2.580103e+02
3.200000e-06	6.589267e-09	1.008874e-09	3.539208e+01	2.590175e+02
3.210000e-06	6.613089e-09	1.012244e-09	3.552003e+01	2.600063e+02
3.220000e-06	6.636444e-09	1.015498e-09	3.564548e+01	2.609754e+02
3.230000e-06	6.659227e-09	1.018853e-09	3.576785e+01	2.619239e+02
3.240000e-06	6.681489e-09	1.022714e-09	3.588742e+01	2.628508e+02
3.250000e-06	6.703301e-09	1.027062e-09	3.600458e+01	2.637554e+02
3.260000e-06	6.724648e-09	1.031209e-09	3.611924e+01	2.646371e+02
3.270000e-06	6.745477e-09	1.034642e-09	3.623111e+01	2.654958e+02
3.280000e-06	6.765700e-09	1.037455e-09	3.633973e+01	2.663318e+02
3.290000e-06	6.785279e-09	1.039899e-09	3.644489e+01	2.671455e+02
3.300000e-06	6.804300e-09	1.042404e-09	3.654706e+01	2.679381e+02
3.310000e-06	6.822842e-09	1.045135e-09	3.664665e+01	2.687105e+02
3.320000e-06	6.840918e-09	1.048099e-09	3.674374e+01	2.694640e+02
3.330000e-06	6.858564e-09	1.051448e-09	3.683852e+01	2.701999e+02
3.340000e-06	6.875772e-09	1.054956e-09	3.693095e+01	2.709193e+02
3.350000e-06	6.892432e-09	1.058063e-09	3.702043e+01	2.716229e+02
3.360000e-06	6.908534e-09	1.060492e-09	3.710692e+01	2.723112e+02
3.370000e-06	6.924167e-09	1.062465e-09	3.719088e+01	2.729841e+02
3.380000e-06	6.939342e-09	1.064321e-09	3.727240e+01	2.736413e+02
3.390000e-06	6.954054e-09	1.066424e-09	3.735141e+01	2.742819e+02
3.400000e-06	6.968328e-09	1.069053e-09	3.742808e+01	2.749047e+02
3.410000e-06	6.982095e-09	1.072054e-09	3.750203e+01	2.755083e+02
3.420000e-06	6.995267e-09	1.074854e-09	3.757277e+01	2.760913e+02
3.430000e-06	7.007905e-09	1.076956e-09	3.764066e+01	2.766520e+02
3.440000e-06	7.020073e-09	1.078507e-09	3.770602e+01	2.771895e+02
3.450000e-06	7.031772e-09	1.080036e-09	3.776885e+01	2.777026e+02
3.460000e-06	7.043026e-09	1.081923e-09	3.782930e+01	2.781910e+02
3.470000e-06	7.053814e-09	1.084055e-09	3.788724e+01	2.786547e+02
3.480000e-06	7.064028e-09	1.086132e-09	3.794210e+01	2.790939e+02
3.490000e-06	7.073670e-09	1.087972e-09	3.799389e+01	2.795096e+02
3.500000e-06	7.082822e-09	1.089539e-09	3.804305e+01	2.799029e+02
3.510000e-06	7.091499e-09	1.090838e-09	3.808965e+01	2.802749e+02
3.520000e-06	7.099717e-09	1.092041e-09	3.813379e+01	2.806270e+02
3.530000e-06	7.107512e-09	1.093103e-09	3.817566e+01	2.809603e+02
3.540000e-06	7.114823e-09	1.094004e-09	3.821493e+01	2.812756e+02
3.550000e-06	7.121577e-09	1.095202e-09	3.825121e+01	2.815732e+02
3.560000e-06	7.127779e-09	1.096492e-09	3.828452e+01	2.818531e+02
3.570000e-06	7.133432e-09	1.097443e-09	3.831488e+01	2.821148e+02
3.580000e-06	7.138555e-09	1.098057e-09	3.834240e+01	2.823572e+02
3.590000e-06	7.143144e-09	1.098367e-09	3.836705e+01	2.825791e+02
3.600000e-06	7.147114e-09	1.098620e-09	3.838837e+01	2.827788e+02
3.610000e-06	7.150472e-09	1.099163e-09	3.840641e+01	2.829549e+02
3.620000e-06	7.153339e-09	1.099946e-09	3.842181e+01	2.831060e+02
3.630000e-06	7.155732e-09	1.100634e-09	3.843466e+01	2.832311e+02
3.640000e-06	7.157643e-09	1.100894e-09	3.844493e+01	2.833298e+02
3.650000e-06	7.159118e-09	1.100763e-09	3.845285e+01	2.834022e+02
3.660000e-06	7.160088e-09	1.100608e-09	3.845806e+01	2.834492e+02
3.670000e-06	7.160449e-09	1.100589e-09	3.846000e+01	2.834723e+02
3.680000e-06	7.160269e-09	1.100403e-09	3.845903e+01	2.834738e+02
3.690000e-06	7.159613e-09	1.100179e-09	3.845551e+01	2.834563e+02
3.700000e-06	7.158482e-09	1.100377e-09	3.844943e+01	2.834228e+02
3.710000e-06	7.156924e-09	1.100700e-09	3.844106e+01	2.833764e+02
3.720000e-06	7.154928e-09	1.100652e-09	3.843034e+01	2.833201e+02
3.730000e-06	7.152376e-09	1.100035e-09	3.841664e+01	2.832565e+02
3.740000e-06	7.149278e-09	1.097775e-09	3.840000e+01	2.831879e+02
3.750000e-06	7.145740e-09	1.093855e-09	3.838099e+01	2.831159e+02
3.760000e-06	7.141629e-09	1.096851e-09	3.835891e+01	2.830414e+02
3.770000e-06	7.136530e-09	1.107271e-09	3.833152e+01	2.829648e+02
3.780000e-06	7.130291e-09	1.107859e-09	3.829802e+01	2.828858e+02
3.790000e-06	7.123565e-09	1.096816e-09	3.826189e+01	2.828036e+02
3.800000e-06	7.116968e-09	1.094285e-09	3.822645e+01	2.827174e+02
3.810000e-06	7.110240e-09	1.105029e-09	3.819032e+01	2.826262e+02
3.820000e-06	7.102732e-09	1.109255e-09	3.814999e+01	2.825290e+02
3.830000e-06	7.094489e-09	1.099726e-09	3.810571e+01	2.824254e+02
3.840000e-06	7.086142e-09	1.094725e-09	3.806088e+01	2.823153e+02
3.850000e-06	7.077633e-09	1.102233e-09	3.801518e+01	2.821992e+02
3.860000e-06	7.068215e-09	1.105883e-09	3.796459e+01	2.820781e+02
3.870000e-06	7.057900e-09	1.098855e-09	3.790919e+01	2.819536e+02
3.880000e-06	7.047353e-09	1.096035e-09	3.785254e+01	2.818277e+02
3.890000e-06	7.036576e-09	1.101448e-09	3.779465e+01	2.817024e+02
3.900000e-06	7.025032e-09	1.099445e-09	3.773265e+01	2.815800e+02
3.910000e-06	7.012805e-09	1.091715e-09	3.766697e+01	2.814624e+02
3.920000e-06	7.000315e-09	1.096594e-09	3.759989e+01	2.813511e+02
3.930000e-06	6.987310e-09	1.102021e-09	3.753004e+01	2.812468e+02
3.940000e-06	6.973503e-09	1.090367e-09	3.745588e+01	2.811499e+02
3.950000e-06	6.959236e-09	1.083298e-09	3.737925e+01	2.810597e+02
3.960000e-06	6.944779e-09	1.095092e-09	3.730160e+01	2.809746e+02
3.970000e-06	6.929731e-09	1.104366e-09	3.722077e+01	2.808926e+02
3.980000e-06	6.913912e-09	1.100519e-09	3.713580e+01	2.808111e+02
3.990000e-06	6.897690e-09	1.102048e-09	3.704867e+01	2.807269e+02
4.000000e-06	6.881158e-09	1.107659e-09	3.695988e+01	2.806369e+02
4.010000e-06	6.864053e-09	1.100170e-09	3.686800e+01	2.805381e+02
4.020000e-06	6.846439e-09	1.095495e-09	3.677340e+01	2.804277e+02
4.030000e-06	6.828485e-09	1.108566e-09	3.667696e+01	2.803034e+02
4.040000e-06	6.810041e-09	1.118672e-09	3.657790e+01	2.801633e+02
4.050000e-06	6.791035e-09	1.115336e-09	3.647581e+01	2.800063e+02
4.060000e-06	6.771564e-09	1.116828e-09	3.637123e+01	2.798314e+02
4.070000e-06	6.751523e-09	1.118691e-09	3.626358e+01	2.796382e+02
4.080000e-06	6.730832e-09	1.107131e-09	3.615245e+01	2.794262e+02
4.090000e-06	6.709563e-09	1.100398e-09	3.603821e+01	2.791947e+02
4.100000e-06	6.687738e-09	1.106196e-09	3.592099e+01	2.789428e+02
4.110000e-06	6.665408e-09	1.104552e-09	3.580105e+01	2.786689e+02
4.120000e-06	6.642641e-09	1.099929e-09	3.567876e+01	2.783703e+02
4.130000e-06	6.619393e-09	1.108636e-09	3.555390e+01	2.780437e+02
4.140000e-06	6.595662e-09	1.112824e-09	3.542643e+01	2.776846e+02
4.150000e-06	6.571569e-09	1.105882e-09	3.529702e+01	2.772878e+02
4.160000e-06	6.547029e-09	1.108486e-09	3.516521e+01	2.768474e+02
4.170000e-06	6.521875e-09	1.110561e-09	3.503011e+01	2.763569e+02
4.180000e-06	6.496188e-09	1.099691e-09	3.489214e+01	2.758101e+02
4.190000e-06	6.470080e-09	1.098995e-09	3.475191e+01	2.752011e+02
4.200000e-06	6.443498e-09	1.104363e-09	3.460913e+01	2.745246e+02
4.210000e-06	6.416449e-09	1.093990e-09	3.446385e+01	2.737767e+02
4.220000e-06	6.388937e-09	1.088299e-09	3.431608e+01	2.729550e+02
4.230000e-06	6.360863e-09	1.094301e-09	3.416528e+01	2.720588e+02
4.240000e-06	6.332234e-09	1.086860e-09	3.401151e+01	2.710895e+02
4.250000e-06	6.303197e-09	1.076289e-09	3.385555e+01	2.700501e+02
4.260000e-06	6.273783e-09	1.078866e-09	3.369756e+01	2.689456e+02
4.270000e-06	6.243932e-09	1.074548e-09	3.353723e+01	2.677822e+02
4.280000e-06	6.213600e-09	1.062634e-09	3.337431e+01	2.665674e+02
4.290000e-06	6.182747e-09	1.061493e-09	3.320859e+01	2.653094e+02
4.300000e-06	6.151339e-09	1.061572e-09	3.303989e+01	2.640164e+02
4.310000e-06	6.119420e-09	1.052400e-09	3.286845e+01	2.626962e+02
4.320000e-06	6.087044e-09	1.045119e-09	3.269456e+01	2.613560e+02
4.330000e-06	6.054243e-09	1.042426e-09	3.251838e+01	2.600016e+02
4.340000e-06	6.021054e-09	1.036492e-09	3.234011e+01	2.586376e+02
4.350000e-06	5.987468e-09	1.029220e-09	3.215972e+01	2.572668e+02
4.360000e-06	5.953447e-09	1.024909e-09	3.197698e+01	2.558904e+02
4.370000e-06	5.918937e-09	1.019658e-09	3.179162e+01	2.545080e+02
4.380000e-06	5.883927e-09	1.012523e-09	3.160358e+01	2.531180e+02
4.390000e-06	5.848511e-09	1.007829e-09	3.141336e+01	2.517177e+02
4.400000e-06	5.812752e-09	1.003380e-09	3.122128e+01	2.503037e+02
4.410000e-06	5.776616e-09	9.959600e-10	3.102719e+01	2.488724e+02
4.420000e-06	5.740099e-09	9.889214e-10	3.083106e+01	2.474205e+02
4.430000e-06	5.703209e-09	9.834502e-10	3.063291e+01	2.459449e+02
4.440000e-06	5.665895e-09	9.772338e-10	3.043249e+01	2.444433e+02
4.450000e-06	5.628102e-09	9.717595e-10	3.022950e+01	2.429146e+02
4.460000e-06	5.589844e-09	9.660958e-10	3.002401e+01	2.413583e+02
4.470000e-06	5.551161e-09	9.581054e-10	2.981624e+01	2.397753e+02
4.480000e-06	5.512091e-09	9.509850e-10	2.960638e+01	2.381670e+02
4.490000e-06	5.472667e-09	9.455812e-10	2.939463e+01	2.365357e+02
4.500000e-06	5.432889e-09	9.388501e-10	2.918098e+01	2.348840e+02
4.510000e-06	5.392742e-09	9.315675e-10	2.896534e+01	2.332148e+02
4.520000e-06	5.352204e-09	9.250325e-10	2.874760e+01	2.315308e+02
4.530000e-06	5.311221e-09	9.181208e-10	2.852748e+01	2.298343e+02
4.540000e-06	5.269813e-09	9.110616e-10	2.830507e+01	2.281272e+02
4.550000e-06	5.228038e-09	9.044608e-10	2.808069e+01	2.264107e+02
4.560000e-06	5.185894e-09	8.975460e-10	2.785433e+01	2.246851e+02
4.570000e-06	5.143381e-09	8.900154e-10	2.762598e+01	2.229504e+02
4.580000e-06	5.100527e-09	8.827191e-10	2.739581e+01	2.212057e+02
4.590000e-06	5.057343e-09	8.762105e-10	2.716386e+01	2.194497e+02
4.600000e-06	5.013820e-09	8.694469e-10	2.693008e+01	2.176809e+02
4.610000e-06	4.969941e-09	8.616505e-10	2.669440e+01	2.158979e+02
4.620000e-06	4.925665e-09	8.537523e-10	2.645659e+01	2.140991e+02
4.630000e-06	4.880961e-09	8.464927e-10	2.621648e+01	2.122833e+02
4.640000e-06	4.835883e-09	8.394826e-10	2.597436e+01	2.104498e+02
4.650000e-06	4.790465e-09	8.324387e-10	2.573041e+01	2.085984e+02
4.660000e-06	4.744678e-09	8.248689e-10	2.548448e+01	2.067291e+02
4.670000e-06	4.698540e-09	8.167381e-10	2.523667e+01	2.048426e+02
4.680000e-06	4.652082e-09	8.089998e-10	2.498713e+01	2.029399e+02
4.690000e-06	4.605269e-09	8.017703e-10	2.473569e+01	2.010220e+02
4.700000e-06	4.558048e-09	7.943133e-10	2.448206e+01	1.990903e+02
4.710000e-06	4.510410e-09	7.863328e-10	2.422619e+01	1.971460e+02
4.720000e-06	4.462389e-09	7.781032e-10	2.396826e+01	1.951901e+02
4.730000e-06	4.414036e-09	7.701212e-10	2.370855e+01	1.932233e+02
4.740000e-06	4.365379e-09	7.626392e-10	2.344720e+01	1.912461e+02
4.750000e-06	4.316421e-09	7.548520e-10	2.318424e+01	1.892585e+02
4.760000e-06	4.267172e-09	7.462551e-10	2.291971e+01	1.872603e+02
4.770000e-06	4.217647e-09	7.375294e-10	2.265371e+01	1.852510e+02
4.780000e-06	4.167843e-09	7.292234e-10	2.238620e+01	1.832298e+02
4.790000e-06	4.117741e-09	7.210683e-10	2.211709e+01	1.811960e+02
4.800000e-06	4.067315e-09	7.130397e-10	2.184625e+01	1.791490e+02
4.810000e-06	4.016558e-09	7.049218e-10	2.157362e+01	1.770881e+02
4.820000e-06	3.965483e-09	6.964204e-10	2.129929e+01	1.750129e+02
4.830000e-06	3.914127e-09	6.880347e-10	2.102345e+01	1.729234e+02
4.840000e-06	3.862522e-09	6.801306e-10	2.074627e+01	1.708198e+02
4.850000e-06	3.810663e-09	6.720116e-10	2.046773e+01	1.687025e+02
4.860000e-06	3.758530e-09	6.630829e-10	2.018771e+01	1.665721e+02
4.870000e-06	3.706128e-09	6.538133e-10	1.990625e+01	1.644296e+02
4.880000e-06	3.653476e-09	6.451385e-10	1.962345e+01	1.622757e+02
4.890000e-06	3.600580e-09	6.369752e-10	1.933933e+01	1.601112e+02
4.900000e-06	3.547432e-09	6.285570e-10	1.905386e+01	1.579371e+02
4.910000e-06	3.494021e-09	6.196856e-10	1.876699e+01	1.557537e+02
4.920000e-06	3.440337e-09	6.105455e-10	1.847864e+01	1.535615e+02
4.930000e-06	3.386377e-09	6.016664e-10	1.818881e+01	1.513608e+02
4.940000e-06	3.332152e-09	5.932498e-10	1.789756e+01	1.491514e+02
4.950000e-06	3.277689e-09	5.846347e-10	1.760503e+01	1.469331e+02
4.960000e-06	3.223017e-09	5.754169e-10	1.731138e+01	1.447058e+02
4.970000e-06	3.168150e-09	5.661535e-10	1.701668e+01	1.424691e+02
4.980000e-06	3.113083e-09	5.573664e-10	1.672090e+01	1.402228e+02
4.990000e-06	3.057796e-09	5.489079e-10	1.642394e+01	1.379666e+02
5.000000e-06	3.002274e-09	5.401023e-10	1.612573e+01	1.357007e+02
5.010000e-06	2.946508e-09	5.306961e-10	1.582620e+01	1.334252e+02
5.020000e-06	2.890494e-09	5.213481e-10	1.552534e+01	1.311403e+02
5.030000e-06	2.834234e-09	5.125902e-10	1.522316e+01	1.288465e+02
5.040000e-06	2.777739e-09	5.039684e-10	1.491972e+01	1.265443e+02
5.050000e-06	2.721021e-09	4.948704e-10	1.461507e+01	1.242343e+02
5.060000e-06	2.664086e-09	4.853118e-10	1.430927e+01	1.219169e+02
5.070000e-06	2.606936e-09	4.757014e-10	1.400231e+01	1.195925e+02
5.080000e-06	2.549577e-09	4.664858e-10	1.369422e+01	1.172612e+02
5.090000e-06	2.492021e-09	4.577546e-10	1.338508e+01	1.149230e+02
5.100000e-06	2.434285e-09	4.487368e-10	1.307497e+01	1.125778e+02
5.110000e-06	2.376386e-09	4.389947e-10	1.276398e+01	1.102251e+02
5.120000e-06	2.318335e-09	4.293493e-10	1.245218e+01	1.078643e+02
5.130000e-06	2.260134e-09	4.202128e-10	1.213957e+01	1.054948e+02
5.140000e-06	2.201773e-09	4.110687e-10	1.182610e+01	1.031160e+02
5.150000e-06	2.143250e-09	4.015220e-10	1.151176e+01	1.007274e+02
5.160000e-06	2.084572e-09	3.916503e-10	1.119660e+01	9.832855e+01
5.170000e-06	2.025759e-09	3.817623e-10	1.088070e+01	9.591949e+01
5.180000e-06	1.966828e-09	3.721527e-10	1.056417e+01	9.350038e+01
5.190000e-06	1.907791e-09	3.631095e-10	1.024707e+01	9.107174e+01
5.200000e-06	1.848646e-09	3.537507e-10	9.929394e+00	8.863438e+01
5.210000e-06	1.789385e-09	3.431593e-10	9.611091e+00	8.618935e+01
5.220000e-06	1.730003e-09	3.327571e-10	9.292141e+00	8.373786e+01
5.230000e-06	1.670499e-09	3.235855e-10	8.972534e+00	8.128121e+01
5.240000e-06	1.610870e-09	3.144611e-10	8.652260e+00	7.882064e+01
5.250000e-06	1.551116e-09	3.047914e-10	8.331308e+00	7.635726e+01
5.260000e-06	1.491235e-09	2.950241e-10	8.009681e+00	7.389197e+01
5.270000e-06	1.431230e-09	2.849478e-10	7.687383e+00	7.142533e+01
5.280000e-06	1.371101e-09	2.746674e-10	7.364420e+00	6.895758e+01
5.290000e-06	1.310850e-09	2.648381e-10	7.040803e+00	6.648861e+01
5.300000e-06	1.250482e-09	2.549121e-10	6.716557e+00	6.401801e+01
5.310000e-06	1.190007e-09	2.444409e-10	6.391736e+00	6.154510e+01
5.320000e-06	1.129442e-09	2.346091e-10	6.066429e+00	5.906905e+01
5.330000e-06	1.068801e-09	2.257186e-10	5.740718e+00	5.658898e+01
5.340000e-06	1.008094e-09	2.166001e-10	5.414650e+00	5.410407e+01
5.350000e-06	9.473229e-10	2.066528e-10	5.088237e+00	5.161365e+01
5.360000e-06	8.864889e-10	1.963124e-10	4.761487e+00	4.911732e+01
5.370000e-06	8.255930e-10	1.858737e-10	4.434404e+00	4.661500e+01
5.380000e-06	7.646378e-10	1.756172e-10	4.107003e+00	4.410693e+01
5.390000e-06	7.036287e-10	1.660000e-10	3.779312e+00	4.159371e+01
5.400000e-06	6.425686e-10	1.564498e-10	3.451347e+00	3.907622e+01
5.410000e-06	5.814596e-10	1.464234e-10	3.123120e+00	3.655555e+01
5.420000e-06	5.203066e-10	1.364209e-10	2.794657e+00	3.403292e+01
5.430000e-06	4.591154e-10	1.267134e-10	2.465988e+00	3.150957e+01
5.440000e-06	3.978934e-10	1.171401e-10	2.137154e+00	2.898663e+01
5.450000e-06	3.366509e-10	1.073532e-10	1.808209e+00	2.646505e+01
5.460000e-06	2.753986e-10	9.670854e-11	1.479213e+00	2.394551e+01
5.470000e-06	2.141478e-10	8.586403e-11	1.150224e+00	2.142838e+01
5.480000e-06	1.529050e-10	7.591141e-11	8.212782e-01	1.891373e+01
5.490000e-06	9.166776e-11	6.642857e-11	4.923620e-01	1.640130e+01
5.500000e-06	3.042944e-11	5.676790e-11	1.634402e-01	1.389063e+01
5.510000e-06	-3.081369e-11	4.677424e-11	-1.655075e-01	1.138107e+01
5.520000e-06	-9.205987e-11	3.672722e-11	-4.944715e-01	8.871915e+00
5.530000e-06	-1.533069e-10	2.692660e-11	-8.234402e-01	6.362512e+00
5.540000e-06	-2.145512e-10	1.732779e-11	-1.152394e+00	3.852329e+00
5.550000e-06	-2.757858e-10	7.753414e-12	-1.481296e+00	1.341044e+00
5.560000e-06	-3.370052e-10	-2.491933e-12	-1.810116e+00	-1.171403e+00
5.570000e-06	-3.982043e-10	-1.316400e-11	-2.138827e+00	-3.684793e+00
5.580000e-06	-4.593761e-10	-2.323814e-11	-2.467392e+00	-6.198641e+00
5.590000e-06	-5.205136e-10	-3.270931e-11	-2.795772e+00	-8.712241e+00
5.600000e-06	-5.816082e-10	-4.228548e-11	-3.123922e+00	-1.122474e+01
5.610000e-06	-6.426517e-10	-5.211363e-11	-3.451798e+00	-1.373523e+01
5.620000e-06	-7.036372e-10	-6.183165e-11	-3.779361e+00	-1.624284e+01
5.630000e-06	-7.645602e-10	-7.147530e-11	-4.106590e+00	-1.874683e+01
5.640000e-06	-8.254218e-10	-8.103339e-11	-4.433488e+00	-2.124667e+01
5.650000e-06	-8.862244e-10	-9.069562e-11	-4.760070e+00	-2.374210e+01
5.660000e-06	-9.469690e-10	-1.008913e-10	-5.086340e+00	-2.623317e+01
5.670000e-06	-1.007651e-09	-1.114253e-10	-5.412271e+00	-2.872018e+01
5.680000e-06	-1.068260e-09	-1.214943e-10	-5.737815e+00	-3.120371e+01
5.690000e-06	-1.128789e-09	-1.307419e-10	-6.062925e+00	-3.368449e+01
5.700000e-06	-1.189226e-09	-1.397665e-10	-6.387544e+00	-3.616334e+01
5.710000e-06	-1.249562e-09	-1.492972e-10	-6.711619e+00	-3.864108e+01
5.720000e-06	-1.309791e-09	-1.593588e-10	-7.035115e+00	-4.111838e+01
5.730000e-06	-1.369903e-09	-1.693981e-10	-7.357988e+00	-4.359572e+01
5.740000e-06	-1.429892e-09	-1.790988e-10	-7.680201e+00	-4.607330e+01
5.750000e-06	-1.489757e-09	-1.888832e-10	-8.001744e+00	-4.855099e+01
5.760000e-06	-1.549494e-09	-1.989152e-10	-8.322603e+00	-5.102832e+01
5.770000e-06	-1.609103e-09	-2.089080e-10	-8.642770e+00	-5.350454e+01
5.780000e-06	-1.668585e-09	-2.186298e-10	-8.962260e+00	-5.597862e+01
5.790000e-06	-1.727944e-09	-2.281201e-10	-9.281089e+00	-5.844938e+01
5.800000e-06	-1.787186e-09	-2.376017e-10	-9.599289e+00	-6.091558e+01
5.810000e-06	-1.846316e-09	-2.473254e-10	-9.916881e+00	-6.337599e+01
5.820000e-06	-1.905330e-09	-2.574196e-10	-1.023386e+01	-6.582953e+01
5.830000e-06	-1.964226e-09	-2.673128e-10	-1.055020e+01	-6.827534e+01
5.840000e-06	-2.022994e-09	-2.767021e-10	-1.086585e+01	-7.071281e+01
5.850000e-06	-2.081625e-09	-2.861484e-10	-1.118077e+01	-7.314165e+01
5.860000e-06	-2.140108e-09	-2.958656e-10	-1.149489e+01	-7.556185e+01
5.870000e-06	-2.198439e-09	-3.055549e-10	-1.180820e+01	-7.797366e+01
5.880000e-06	-2.256620e-09	-3.150592e-10	-1.212070e+01	-8.037754e+01
5.890000e-06	-2.314653e-09	-3.244862e-10	-1.243240e+01	-8.277401e+01
5.900000e-06	-2.372530e-09	-3.338571e-10	-1.274327e+01	-8.516365e+01
5.910000e-06	-2.430235e-09	-3.433256e-10	-1.305322e+01	-8.754693e+01
5.920000e-06	-2.487751e-09	-3.530780e-10	-1.336214e+01	-8.992417e+01
5.930000e-06	-2.545065e-09	-3.626322e-10	-1.366999e+01	-9.229545e+01
5.940000e-06	-2.602172e-09	-3.718908e-10	-1.397672e+01	-9.466059e+01
5.950000e-06	-2.659069e-09	-3.813758e-10	-1.428232e+01	-9.701917e+01
5.960000e-06	-2.715745e-09	-3.907877e-10	-1.458674e+01	-9.937050e+01
5.970000e-06	-2.772186e-09	-3.995367e-10	-1.488989e+01	-1.017137e+02
5.980000e-06	-2.828383e-09	-4.083977e-10	-1.519173e+01	-1.040478e+02
5.990000e-06	-2.884338e-09	-4.180449e-10	-1.549228e+01	-1.063719e+02
6.000000e-06	-2.940064e-09	-4.277701e-10	-1.579159e+01	-1.086849e+02
6.010000e-06	-2.995564e-09	-4.368293e-10	-1.608969e+01	-1.109860e+02
6.020000e-06	-3.050837e-09	-4.454885e-10	-1.638657e+01	-1.132748e+02
6.030000e-06	-3.105892e-09	-4.543454e-10	-1.668228e+01	-1.155508e+02
6.040000e-06	-3.160743e-09	-4.634374e-10	-1.697690e+01	-1.178139e+02
6.050000e-06	-3.215397e-09	-4.725135e-10	-1.727045e+01	-1.200644e+02
6.060000e-06	-3.269841e-09	-4.812737e-10	-1.756288e+01	-1.223026e+02
6.070000e-06	-3.324051e-09	-4.896319e-10	-1.785405e+01	-1.245290e+02
6.080000e-06	-3.378005e-09	-4.981810e-10	-1.814385e+01	-1.267441e+02
6.090000e-06	-3.431690e-09	-5.075734e-10	-1.843220e+01	-1.289484e+02
6.100000e-06	-3.485107e-09	-5.171493e-10	-1.871911e+01	-1.311424e+02
6.110000e-06	-3.538256e-09	-5.256764e-10	-1.900458e+01	-1.333262e+02
6.120000e-06	-3.591142e-09	-5.334007e-10	-1.928864e+01	-1.354999e+02
6.130000e-06	-3.643773e-09	-5.415123e-10	-1.957133e+01	-1.376632e+02
6.140000e-06	-3.696156e-09	-5.504382e-10	-1.985269e+01	-1.398158e+02
6.150000e-06	-3.748282e-09	-5.595530e-10	-2.013267e+01	-1.419571e+02
6.160000e-06	-3.800148e-09	-5.680840e-10	-2.041125e+01	-1.440863e+02
6.170000e-06	-3.851769e-09	-5.761472e-10	-2.068851e+01	-1.462028e+02
6.180000e-06	-3.903155e-09	-5.846282e-10	-2.096452e+01	-1.483059e+02
6.190000e-06	-3.954299e-09	-5.937147e-10	-2.123922e+01	-1.503951e+02
6.200000e-06	-4.005165e-09	-6.021276e-10	-2.151243e+01	-1.524701e+02
6.210000e-06	-4.055715e-09	-6.092684e-10	-2.178394e+01	-1.545309e+02
6.220000e-06	-4.105937e-09	-6.165041e-10	-2.205369e+01	-1.565778e+02
6.230000e-06	-4.155835e-09	-6.248740e-10	-2.232171e+01	-1.586112e+02
6.240000e-06	-4.205417e-09	-6.337103e-10	-2.258802e+01	-1.606318e+02
6.250000e-06	-4.254691e-09	-6.421812e-10	-2.285268e+01	-1.626404e+02
6.260000e-06	-4.303650e-09	-6.499893e-10	-2.311565e+01	-1.646381e+02
6.270000e-06	-4.352293e-09	-6.573136e-10	-2.337691e+01	-1.666255e+02
6.280000e-06	-4.400635e-09	-6.649851e-10	-2.363657e+01	-1.686033e+02
6.290000e-06	-4.448677e-09	-6.733867e-10	-2.389461e+01	-1.705721e+02
6.300000e-06	-4.496380e-09	-6.817331e-10	-2.415083e+01	-1.725320e+02
6.310000e-06	-4.543696e-09	-6.892196e-10	-2.440497e+01	-1.744828e+02
6.320000e-06	-4.590612e-09	-6.962328e-10	-2.465697e+01	-1.764240e+02
6.330000e-06	-4.637147e-09	-7.038341e-10	-2.490691e+01	-1.783547e+02
6.340000e-06	-4.683328e-09	-7.122308e-10	-2.515496e+01	-1.802739e+02
6.350000e-06	-4.729162e-09	-7.202734e-10	-2.540114e+01	-1.821804e+02
6.360000e-06	-4.774610e-09	-7.272046e-10	-2.564525e+01	-1.840728e+02
6.370000e-06	-4.819640e-09	-7.339799e-10	-2.588712e+01	-1.859500e+02
6.380000e-06	-4.864264e-09	-7.415673e-10	-2.612680e+01	-1.878107e+02
6.390000e-06	-4.908512e-09	-7.495624e-10	-2.636446e+01	-1.896541e+02
6.400000e-06	-4.952411e-09	-7.570814e-10	-2.660025e+01	-1.914796e+02
6.410000e-06	-4.995984e-09	-7.637818e-10	-2.683429e+01	-1.932868e+02
6.420000e-06	-5.039242e-09	-7.702072e-10	-2.706664e+01	-1.950758e+02
6.430000e-06	-5.082177e-09	-7.773812e-10	-2.729724e+01	-1.968470e+02
6.440000e-06	-5.124764e-09	-7.854292e-10	-2.752599e+01	-1.986008e+02
6.450000e-06	-5.166989e-09	-7.930886e-10	-2.775279e+01	-2.003379e+02
6.460000e-06	-5.208860e-09	-7.995367e-10	-2.797768e+01	-2.020591e+02
6.470000e-06	-5.250367e-09	-8.056515e-10	-2.820062e+01	-2.037651e+02
6.480000e-06	-5.291459e-09	-8.125020e-10	-2.842134e+01	-2.054565e+02
6.490000e-06	-5.332106e-09	-8.198151e-10	-2.863966e+01	-2.071339e+02
6.500000e-06	-5.372342e-09	-8.265777e-10	-2.885577e+01	-2.087973e+02
6.510000e-06	-5.412216e-09	-8.325868e-10	-2.906994e+01	-2.104469e+02
6.520000e-06	-5.451736e-09	-8.386414e-10	-2.928221e+01	-2.120825e+02
6.530000e-06	-5.490884e-09	-8.453256e-10	-2.949248e+01	-2.137036e+02
6.540000e-06	-5.529667e-09	-8.524538e-10	-2.970079e+01	-2.153098e+02
6.550000e-06	-5.568106e-09	-8.592316e-10	-2.990726e+01	-2.169005e+02
6.560000e-06	-5.606164e-09	-8.652228e-10	-3.011167e+01	-2.184751e+02
6.570000e-06	-5.643765e-09	-8.711053e-10	-3.031363e+01	-2.200331e+02
6.580000e-06	-5.680900e-09	-8.773390e-10	-3.051309e+01	-2.215741e+02
6.590000e-06	-5.717610e-09	-8.836988e-10	-3.071027e+01	-2.230979e+02
6.600000e-06	-5.753914e-09	-8.898762e-10	-3.090526e+01	-2.246042e+02
6.610000e-06	-5.789807e-09	-8.956740e-10	-3.109805e+01	-2.260931e+02
6.620000e-06	-5.825322e-09	-9.015116e-10	-3.128881e+01	-2.275647e+02
6.630000e-06	-5.860489e-09	-9.076600e-10	-3.147769e+01	-2.290190e+02
6.640000e-06	-5.895244e-09	-9.136897e-10	-3.166437e+01	-2.304563e+02
6.650000e-06	-5.929506e-09	-9.192692e-10	-3.184840e+01	-2.318765e+02
6.660000e-06	-5.963306e-09	-9.244944e-10	-3.202994e+01	-2.332796e+02
6.670000e-06	-5.996702e-09	-9.296130e-10	-3.220932e+01	-2.346654e+02
6.680000e-06	-6.029698e-09	-9.348948e-10	-3.238654e+01	-2.360335e+02
6.690000e-06	-6.062281e-09	-9.404801e-10	-3.256155e+01	-2.373835e+02
6.700000e-06	-6.094467e-09	-9.460918e-10	-3.273443e+01	-2.387148e+02
6.710000e-06	-6.126232e-09	-9.513573e-10	-3.290504e+01	-2.400267e+02
6.720000e-06	-6.157488e-09	-9.562832e-10	-3.307293e+01	-2.413187e+02
6.730000e-06	-6.188200e-09	-9.610376e-10	-3.323788e+01	-2.425903e+02
6.740000e-06	-6.218409e-09	-9.658807e-10	-3.340014e+01	-2.438411e+02
6.750000e-06	-6.248157e-09	-9.709118e-10	-3.355992e+01	-2.450709e+02
6.760000e-06	-6.277473e-09	-9.757836e-10	-3.371738e+01	-2.462797e+02
6.770000e-06	-6.306395e-09	-9.803183e-10	-3.387273e+01	-2.474680e+02
6.780000e-06	-6.334885e-09	-9.848728e-10	-3.402576e+01	-2.486362e+02
6.790000e-06	-6.362843e-09	-9.896734e-10	-3.417592e+01	-2.497849e+02
6.800000e-06	-6.390288e-09	-9.943675e-10	-3.432333e+01	-2.509149e+02
6.810000e-06	-6.417304e-09	-9.986665e-10	-3.446844e+01	-2.520270e+02
6.820000e-06	-6.443889e-09	-1.002625e-09	-3.461123e+01	-2.531219e+02
6.830000e-06	-6.470029e-09	-1.006523e-09	-3.475164e+01	-2.541999e+02
6.840000e-06	-6.495755e-09	-1.010700e-09	-3.488981e+01	-2.552615e+02
6.850000e-06	-6.521018e-09	-1.015253e-09	-3.502550e+01	-2.563065e+02
6.860000e-06	-6.545714e-09	-1.019727e-09	-3.515815e+01	-2.573346e+02
6.870000e-06	-6.569909e-09	-1.023483e-09	-3.528811e+01	-2.583452e+02
6.880000e-06	-6.593702e-09	-1.026826e-09	-3.541591e+01	-2.593375e+02
6.890000e-06	-6.617052e-09	-1.030464e-09	-3.554132e+01	-2.603103e+02
6.900000e-06	-6.639932e-09	-1.034175e-09	-3.566422e+01	-2.612627e+02
6.910000e-06	-6.662379e-09	-1.037767e-09	-3.578478e+01	-2.621937e+02
6.920000e-06	-6.684321e-09	-1.041517e-09	-3.590263e+01	-2.631025e+02
6.930000e-06	-6.705649e-09	-1.045181e-09	-3.601719e+01	-2.639885e+02
6.940000e-06	-6.726412e-09	-1.048607e-09	-3.612871e+01	-2.648515e+02
6.950000e-06	-6.746658e-09	-1.051930e-09	-3.623746e+01	-2.656916e+02
6.960000e-06	-6.766310e-09	-1.055123e-09	-3.634301e+01	-2.665094e+02
6.970000e-06	-6.785348e-09	-1.058200e-09	-3.644527e+01	-2.673058e+02
6.980000e-06	-6.803891e-09	-1.061130e-09	-3.654487e+01	-2.680819e+02
6.990000e-06	-6.822010e-09	-1.064000e-09	-3.664218e+01	-2.688389e+02
7.000000e-06	-6.839731e-09	-1.067013e-09	-3.673737e+01	-2.695780e+02
7.010000e-06	-6.857062e-09	-1.070316e-09	-3.683045e+01	-2.703003e+02
7.020000e-06	-6.873944e-09	-1.073402e-09	-3.692113e+01	-2.710068e+02
7.030000e-06	-6.890368e-09	-1.075786e-09	-3.700935e+01	-2.716979e+02
7.040000e-06	-6.906371e-09	-1.078192e-09	-3.709531e+01	-2.723737e+02
7.050000e-06	-6.921863e-09	-1.081005e-09	-3.717851e+01	-2.730339e+02
7.060000e-06	-6.936758e-09	-1.083668e-09	-3.725851e+01	-2.736776e+02
7.070000e-06	-6.951154e-09	-1.086137e-09	-3.733584e+01	-2.743038e+02
7.080000e-06	-6.965095e-09	-1.088635e-09	-3.741072e+01	-2.749111e+02
7.090000e-06	-6.978538e-09	-1.090913e-09	-3.748292e+01	-2.754979e+02
7.100000e-06	-6.991506e-09	-1.093010e-09	-3.755258e+01	-2.760629e+02
7.110000e-06	-7.003964e-09	-1.094879e-09	-3.761949e+01	-2.766048e+02
7.120000e-06	-7.015826e-09	-1.096644e-09	-3.768320e+01	-2.771225e+02
7.130000e-06	-7.027160e-09	-1.098823e-09	-3.774408e+01	-2.776155e+02
7.140000e-06	-7.038039e-09	-1.101465e-09	-3.780251e+01	-2.780837e+02
7.150000e-06	-7.048420e-09	-1.103875e-09	-3.785827e+01	-2.785275e+02
7.160000e-06	-7.058326e-09	-1.105586e-09	-3.791148e+01	-2.789475e+02
7.170000e-06	-7.067792e-09	-1.106633e-09	-3.796232e+01	-2.793448e+02
7.180000e-06	-7.076706e-09	-1.107300e-09	-3.801020e+01	-2.797207e+02
7.190000e-06	-7.085038e-09	-1.108418e-09	-3.805495e+01	-2.800764e+02
7.200000e-06	-7.092896e-09	-1.110291e-09	-3.809716e+01	-2.804131e+02
7.210000e-06	-7.100287e-09	-1.112294e-09	-3.813686e+01	-2.807317e+02
7.220000e-06	-7.107188e-09	-1.113816e-09	-3.817392e+01	-2.810326e+02
7.230000e-06	-7.113615e-09	-1.115273e-09	-3.820844e+01	-2.813158e+02
7.240000e-06	-7.119470e-09	-1.117039e-09	-3.823989e+01	-2.815810e+02
7.250000e-06	-7.124677e-09	-1.118288e-09	-3.826786e+01	-2.818270e+02
7.260000e-06	-7.129314e-09	-1.118379e-09	-3.829277e+01	-2.820528e+02
7.270000e-06	-7.133438e-09	-1.118131e-09	-3.831492e+01	-2.822567e+02
7.280000e-06	-7.137079e-09	-1.118537e-09	-3.833447e+01	-2.824373e+02
7.290000e-06	-7.140275e-09	-1.119857e-09	-3.835164e+01	-2.825931e+02
7.300000e-06	-7.142945e-09	-1.121462e-09	-3.836598e+01	-2.827231e+02
7.310000e-06	-7.145020e-09	-1.122444e-09	-3.837713e+01	-2.828267e+02
7.320000e-06	-7.146602e-09	-1.122750e-09	-3.838562e+01	-2.829039e+02
7.330000e-06	-7.147737e-09	-1.122916e-09	-3.839172e+01	-2.829556e+02
7.340000e-06	-7.148373e-09	-1.123164e-09	-3.839513e+01	-2.829830e+02
