# Configuracion:
# Concentracion g/m^3_=_11700.0
# C_Vs_to_Am_M_A/Vsm_=_254322799225.57578
# pendiente_HvsI_1/m_=_3716.3
# ordenada_HvsI_A/m_=_1297.0
# frecuencia_ref_Hz_=_136118.12398881317
# 
Resultados:
# tau_s_=_(3.84+/-0.65)e-08
# dphi_rad_=_6.32+/-0.01
# SAR_W/g_=_11.77+/-2.18
# Hc_kA/m_=_0.94+/-0.18
# Mr_A/m_=_4.96+/-1.03
# Suceptibilidad_a_M=0_=_0.0052+/-0.0002

Nombre_archivo	Time_m	Temperatura_(ºC)	Mr_(A/m)	Hc_(kA/m)	Campo_max_(A/m)	Mag_max_(A/m)	f0	mag0	dphi0	SAR_(W/g)	Tau_(s)	N	xi_M_0
135kHz_100dA_100Mss_PM013.txt	26/06/2024 14:19:15	18.4	3.19	0.69	38460.00	174.32	1.360853e+05	1.318321e+00	6.307345e+00	7.59	2.825903e-08	4409	4.586e-03
135kHz_100dA_100Mss_PM014.txt	26/06/2024 14:19:16	18.4	6.05	1.11	38460.00	207.00	1.360853e+05	1.572930e+00	6.320616e+00	14.03	4.379384e-08	4409	5.469e-03
135kHz_100dA_100Mss_PM015.txt	26/06/2024 14:19:16	18.4	6.73	1.21	38460.00	212.24	1.360853e+05	1.612045e+00	6.323321e+00	15.41	4.696203e-08	4409	5.585e-03
135kHz_100dA_100Mss_PM016.txt	26/06/2024 14:19:17	18.5	6.63	1.20	38460.00	210.02	1.361162e+05	1.597342e+00	6.323744e+00	15.44	4.745656e-08	4408	5.529e-03
135kHz_100dA_100Mss_PM017.txt	26/06/2024 14:19:17	18.5	7.42	1.35	38460.00	206.63	1.360853e+05	1.577703e+00	6.328375e+00	16.98	5.288240e-08	4409	5.504e-03
135kHz_100dA_100Mss_PM018.txt	26/06/2024 14:19:18	18.4	6.30	1.19	38460.00	200.41	1.360853e+05	1.525367e+00	6.323685e+00	14.72	4.738873e-08	4409	5.310e-03
135kHz_100dA_100Mss_PM019.txt	26/06/2024 14:19:19	18.5	5.16	0.95	38460.00	205.74	1.360853e+05	1.557554e+00	6.316845e+00	12.49	3.937732e-08	4409	5.434e-03
135kHz_100dA_100Mss_PM020.txt	26/06/2024 14:19:19	18.5	5.01	0.93	38460.00	203.97	1.360853e+05	1.547202e+00	6.315807e+00	12.02	3.816225e-08	4409	5.412e-03
135kHz_100dA_100Mss_PM021.txt	26/06/2024 14:19:20	18.5	4.03	0.73	38460.00	209.57	1.360853e+05	1.583010e+00	6.308563e+00	9.57	2.968445e-08	4409	5.554e-03
135kHz_100dA_100Mss_PM022.txt	26/06/2024 14:19:20	18.5	4.15	0.77	38460.00	203.77	1.360853e+05	1.541979e+00	6.310694e+00	10.11	3.217742e-08	4409	5.394e-03
135kHz_100dA_100Mss_PM023.txt	26/06/2024 14:19:21	18.5	4.29	0.81	38460.00	198.69	1.361162e+05	1.503974e+00	6.312457e+00	10.49	3.424174e-08	4408	5.255e-03
135kHz_100dA_100Mss_PM024.txt	26/06/2024 14:19:21	18.5	5.97	1.10	38460.00	203.20	1.360853e+05	1.547396e+00	6.320620e+00	13.80	4.379793e-08	4409	5.444e-03
135kHz_100dA_100Mss_PM025.txt	26/06/2024 14:19:22	18.5	5.36	0.99	38460.00	204.74	1.361162e+05	1.555916e+00	6.317036e+00	12.55	3.960161e-08	4408	5.399e-03
135kHz_100dA_100Mss_PM026.txt	26/06/2024 14:19:22	18.5	5.95	1.09	38460.00	206.52	1.361162e+05	1.569079e+00	6.320136e+00	13.81	4.323071e-08	4408	5.461e-03
135kHz_100dA_100Mss_PM027.txt	26/06/2024 14:19:23	18.5	5.14	0.94	38460.00	206.72	1.360853e+05	1.565079e+00	6.314976e+00	11.85	3.718969e-08	4409	5.450e-03
135kHz_100dA_100Mss_PM028.txt	26/06/2024 14:19:23	18.5	5.90	1.06	38460.00	209.52	1.361162e+05	1.591147e+00	6.318668e+00	13.45	4.151235e-08	4408	5.587e-03
135kHz_100dA_100Mss_PM029.txt	26/06/2024 14:19:24	18.5	6.18	1.15	38460.00	203.26	1.361162e+05	1.546577e+00	6.322665e+00	14.55	4.619277e-08	4408	5.384e-03
135kHz_100dA_100Mss_PM030.txt	26/06/2024 14:19:24	18.5	6.42	1.14	38460.00	211.46	1.360853e+05	1.607285e+00	6.321240e+00	14.57	4.452417e-08	4409	5.632e-03
135kHz_100dA_100Mss_PM031.txt	26/06/2024 14:19:25	18.5	6.73	1.22	38460.00	206.30	1.361162e+05	1.572060e+00	6.323378e+00	15.05	4.702817e-08	4408	5.528e-03
135kHz_100dA_100Mss_PM032.txt	26/06/2024 14:19:25	18.5	5.33	0.94	38460.00	214.51	1.361162e+05	1.626670e+00	6.315569e+00	12.55	3.788356e-08	4408	5.665e-03
135kHz_100dA_100Mss_PM033.txt	26/06/2024 14:19:26	18.5	6.85	1.27	38460.00	203.36	1.360853e+05	1.550356e+00	6.325668e+00	15.69	4.971059e-08	4409	5.405e-03
135kHz_100dA_100Mss_PM034.txt	26/06/2024 14:19:26	18.5	5.54	0.99	38460.00	212.23	1.360853e+05	1.609144e+00	6.317269e+00	13.07	3.987375e-08	4409	5.604e-03
135kHz_100dA_100Mss_PM035.txt	26/06/2024 14:19:27	18.5	5.63	1.07	38460.00	197.27	1.361162e+05	1.501258e+00	6.319593e+00	13.02	4.259532e-08	4408	5.253e-03
135kHz_100dA_100Mss_PM036.txt	26/06/2024 14:19:27	18.5	3.88	0.75	38460.00	196.80	1.361162e+05	1.489295e+00	6.309353e+00	9.29	3.060841e-08	4408	5.195e-03
135kHz_100dA_100Mss_PM037.txt	26/06/2024 14:19:28	18.5	3.13	0.61	38460.00	194.94	1.360853e+05	1.474304e+00	6.305708e+00	7.91	2.634360e-08	4409	5.163e-03
135kHz_100dA_100Mss_PM038.txt	26/06/2024 14:19:29	18.5	3.73	0.70	38460.00	198.90	1.360853e+05	1.505155e+00	6.308714e+00	9.15	2.985973e-08	4409	5.312e-03
135kHz_100dA_100Mss_PM039.txt	26/06/2024 14:19:29	18.5	5.94	1.10	38460.00	201.90	1.361162e+05	1.538948e+00	6.321502e+00	14.05	4.482966e-08	4408	5.400e-03
135kHz_100dA_100Mss_PM040.txt	26/06/2024 14:19:30	18.5	4.96	0.93	38460.00	201.87	1.361162e+05	1.530912e+00	6.315111e+00	11.65	3.734804e-08	4408	5.330e-03
135kHz_100dA_100Mss_PM041.txt	26/06/2024 14:19:30	18.5	4.86	0.88	38460.00	208.63	1.361162e+05	1.579793e+00	6.312968e+00	11.21	3.483903e-08	4408	5.548e-03
135kHz_100dA_100Mss_PM042.txt	26/06/2024 14:19:31	18.5	6.48	1.20	38460.00	202.93	1.361162e+05	1.545389e+00	6.323869e+00	14.98	4.760273e-08	4408	5.398e-03
135kHz_100dA_100Mss_PM043.txt	26/06/2024 14:19:31	18.5	3.05	0.54	38460.00	216.53	1.361162e+05	1.624078e+00	6.301292e+00	7.01	2.117722e-08	4408	5.674e-03
135kHz_100dA_100Mss_PM044.txt	26/06/2024 14:19:32	18.5	4.56	0.85	38460.00	204.79	1.361162e+05	1.547692e+00	6.312092e+00	10.66	3.381337e-08	4408	5.361e-03
135kHz_100dA_100Mss_PM045.txt	26/06/2024 14:19:32	18.5	5.80	1.02	38460.00	214.65	1.360853e+05	1.627097e+00	6.317879e+00	13.45	4.058698e-08	4409	5.680e-03
135kHz_100dA_100Mss_PM046.txt	26/06/2024 14:19:33	18.5	5.14	0.98	38460.00	198.43	1.360853e+05	1.509611e+00	6.316900e+00	12.13	3.944163e-08	4409	5.256e-03
135kHz_100dA_100Mss_PM047.txt	26/06/2024 14:19:33	18.5	5.96	1.13	38460.00	198.19	1.361162e+05	1.509334e+00	6.321292e+00	13.70	4.458443e-08	4408	5.269e-03
135kHz_100dA_100Mss_PM048.txt	26/06/2024 14:19:34	18.5	6.22	1.20	38460.00	195.49	1.361162e+05	1.491561e+00	6.323300e+00	14.26	4.693605e-08	4408	5.219e-03
135kHz_100dA_100Mss_PM049.txt	26/06/2024 14:19:34	18.5	5.72	1.05	38460.00	205.90	1.360853e+05	1.562159e+00	6.317620e+00	12.81	4.028459e-08	4409	5.434e-03
135kHz_100dA_100Mss_PM050.txt	26/06/2024 14:19:35	18.5	5.20	0.95	38460.00	206.82	1.360853e+05	1.568615e+00	6.316136e+00	12.31	3.854691e-08	4409	5.486e-03
135kHz_100dA_100Mss_PM051.txt	26/06/2024 14:19:36	18.5	4.48	0.87	38460.00	194.91	1.360853e+05	1.478997e+00	6.313771e+00	10.78	3.577807e-08	4409	5.170e-03
135kHz_100dA_100Mss_PM052.txt	26/06/2024 14:19:36	18.5	5.85	1.07	38460.00	205.52	1.360853e+05	1.564241e+00	6.320739e+00	13.99	4.393657e-08	4409	5.456e-03
135kHz_100dA_100Mss_PM053.txt	26/06/2024 14:19:37	18.5	6.73	1.20	38460.00	213.94	1.360853e+05	1.627667e+00	6.323600e+00	15.67	4.728651e-08	4409	5.638e-03
135kHz_100dA_100Mss_PM054.txt	26/06/2024 14:19:37	18.5	5.96	1.07	38460.00	208.49	1.360853e+05	1.589136e+00	6.321339e+00	14.44	4.463833e-08	4409	5.589e-03
135kHz_100dA_100Mss_PM055.txt	26/06/2024 14:19:38	18.5	5.64	1.01	38460.00	210.16	1.361162e+05	1.593334e+00	6.318057e+00	13.24	4.079575e-08	4408	5.575e-03
135kHz_100dA_100Mss_PM056.txt	26/06/2024 14:19:38	18.5	7.28	1.36	38460.00	202.04	1.360853e+05	1.545038e+00	6.329283e+00	16.96	5.394467e-08	4409	5.393e-03
135kHz_100dA_100Mss_PM057.txt	26/06/2024 14:19:39	18.5	6.04	1.11	38460.00	204.06	1.361162e+05	1.554776e+00	6.320591e+00	13.86	4.376192e-08	4408	5.458e-03
135kHz_100dA_100Mss_PM058.txt	26/06/2024 14:19:40	18.5	5.31	1.01	38460.00	195.96	1.361162e+05	1.491868e+00	6.317782e+00	12.30	4.047365e-08	4408	5.253e-03
135kHz_100dA_100Mss_PM059.txt	26/06/2024 14:19:40	18.5	5.76	1.05	38460.00	205.21	1.361162e+05	1.559820e+00	6.318368e+00	13.08	4.115926e-08	4408	5.498e-03
135kHz_100dA_100Mss_PM060.txt	26/06/2024 14:19:41	18.5	6.68	1.22	38460.00	205.40	1.361162e+05	1.565012e+00	6.323790e+00	15.14	4.750835e-08	4408	5.514e-03
135kHz_100dA_100Mss_PM061.txt	26/06/2024 14:19:41	18.5	3.71	0.72	38460.00	193.71	1.360853e+05	1.467839e+00	6.309072e+00	9.05	3.027871e-08	4409	5.146e-03
135kHz_100dA_100Mss_PM062.txt	26/06/2024 14:19:42	18.5	5.59	1.06	38460.00	198.59	1.361162e+05	1.508415e+00	6.319711e+00	13.13	4.273240e-08	4408	5.277e-03
135kHz_100dA_100Mss_PM063.txt	26/06/2024 14:19:42	18.5	5.10	0.99	38460.00	195.54	1.361162e+05	1.486138e+00	6.317421e+00	12.12	4.004994e-08	4408	5.177e-03
135kHz_100dA_100Mss_PM064.txt	26/06/2024 14:19:43	18.5	6.03	1.18	38460.00	192.65	1.360853e+05	1.465054e+00	6.323516e+00	14.07	4.718698e-08	4409	5.132e-03
135kHz_100dA_100Mss_PM065.txt	26/06/2024 14:19:43	18.5	6.21	1.19	38460.00	197.66	1.361162e+05	1.506730e+00	6.323201e+00	14.37	4.681847e-08	4408	5.237e-03
135kHz_100dA_100Mss_PM066.txt	26/06/2024 14:19:44	18.5	5.74	1.11	38460.00	195.98	1.361162e+05	1.492974e+00	6.320941e+00	13.43	4.417200e-08	4408	5.190e-03
135kHz_100dA_100Mss_PM067.txt	26/06/2024 14:19:44	18.5	5.74	1.05	38460.00	205.23	1.361162e+05	1.558902e+00	6.318864e+00	13.25	4.173967e-08	4408	5.455e-03
135kHz_100dA_100Mss_PM068.txt	26/06/2024 14:19:45	18.5	6.34	1.22	38460.00	196.36	1.360853e+05	1.495226e+00	6.324422e+00	14.69	4.824874e-08	4409	5.205e-03
135kHz_100dA_100Mss_PM069.txt	26/06/2024 14:19:45	18.5	5.61	1.07	38460.00	199.35	1.361162e+05	1.512995e+00	6.319579e+00	13.12	4.257726e-08	4408	5.260e-03
135kHz_100dA_100Mss_PM070.txt	26/06/2024 14:19:46	18.6	5.86	1.04	38460.00	213.02	1.361162e+05	1.619224e+00	6.318751e+00	13.72	4.160686e-08	4408	5.649e-03
135kHz_100dA_100Mss_PM071.txt	26/06/2024 14:19:46	18.6	3.98	0.77	38460.00	196.46	1.361162e+05	1.482392e+00	6.309557e+00	9.32	3.084557e-08	4408	5.140e-03
135kHz_100dA_100Mss_PM072.txt	26/06/2024 14:19:47	18.6	3.49	0.67	38460.00	197.32	1.361162e+05	1.491254e+00	6.307250e+00	8.55	2.814589e-08	4408	5.232e-03
135kHz_100dA_100Mss_PM073.txt	26/06/2024 14:19:47	18.6	5.41	0.96	38460.00	211.43	1.361162e+05	1.603428e+00	6.316186e+00	12.61	3.860455e-08	4408	5.628e-03
135kHz_100dA_100Mss_PM074.txt	26/06/2024 14:19:48	18.5	3.86	0.74	38460.00	197.64	1.361162e+05	1.496104e+00	6.310332e+00	9.68	3.175290e-08	4408	5.197e-03
135kHz_100dA_100Mss_PM075.txt	26/06/2024 14:19:48	18.5	2.54	0.49	38460.00	198.98	1.361162e+05	1.495316e+00	6.301408e+00	6.49	2.131186e-08	4408	5.208e-03
135kHz_100dA_100Mss_PM076.txt	26/06/2024 14:19:49	18.5	6.06	1.13	38460.00	202.19	1.361162e+05	1.539165e+00	6.321988e+00	14.23	4.539807e-08	4408	5.378e-03
135kHz_100dA_100Mss_PM077.txt	26/06/2024 14:19:50	18.6	3.50	0.67	38460.00	197.13	1.361162e+05	1.491440e+00	6.309636e+00	9.40	3.093746e-08	4408	5.197e-03
135kHz_100dA_100Mss_PM078.txt	26/06/2024 14:19:50	18.6	4.34	0.83	38460.00	196.08	1.361162e+05	1.486032e+00	6.313646e+00	10.79	3.563103e-08	4408	5.191e-03
135kHz_100dA_100Mss_PM079.txt	26/06/2024 14:19:51	18.6	4.20	0.79	38460.00	200.58	1.361162e+05	1.519573e+00	6.311818e+00	10.37	3.349079e-08	4408	5.286e-03
135kHz_100dA_100Mss_PM080.txt	26/06/2024 14:19:51	18.6	4.63	0.88	38460.00	200.56	1.361162e+05	1.518682e+00	6.313729e+00	11.05	3.572877e-08	4408	5.273e-03
135kHz_100dA_100Mss_PM081.txt	26/06/2024 14:19:52	18.6	5.04	0.92	38460.00	207.30	1.361162e+05	1.571420e+00	6.315083e+00	11.94	3.731327e-08	4408	5.491e-03
135kHz_100dA_100Mss_PM082.txt	26/06/2024 14:19:52	18.6	2.78	0.53	38460.00	200.47	1.361162e+05	1.509304e+00	6.303506e+00	7.31	2.376547e-08	4408	5.274e-03
135kHz_100dA_100Mss_PM083.txt	26/06/2024 14:19:53	18.6	4.10	0.78	38460.00	197.05	1.361162e+05	1.490916e+00	6.310788e+00	9.81	3.228651e-08	4408	5.238e-03
135kHz_100dA_100Mss_PM084.txt	26/06/2024 14:19:53	18.6	5.99	1.13	38460.00	199.89	1.361162e+05	1.523310e+00	6.321271e+00	13.82	4.455799e-08	4408	5.311e-03
135kHz_100dA_100Mss_PM085.txt	26/06/2024 14:19:54	18.6	3.51	0.66	38460.00	199.96	1.361162e+05	1.506477e+00	6.306841e+00	8.49	2.766718e-08	4408	5.262e-03
135kHz_100dA_100Mss_PM086.txt	26/06/2024 14:19:54	18.6	4.37	0.82	38460.00	202.66	1.361162e+05	1.533175e+00	6.312038e+00	10.54	3.374896e-08	4408	5.336e-03
135kHz_100dA_100Mss_PM087.txt	26/06/2024 14:19:55	18.6	4.56	0.87	38460.00	195.81	1.361162e+05	1.486287e+00	6.314181e+00	10.98	3.625717e-08	4408	5.218e-03
135kHz_100dA_100Mss_PM088.txt	26/06/2024 14:19:55	18.6	4.70	0.85	38460.00	209.81	1.361162e+05	1.587576e+00	6.313242e+00	11.37	3.515813e-08	4408	5.521e-03
135kHz_100dA_100Mss_PM089.txt	26/06/2024 14:19:56	18.6	5.78	1.13	38460.00	194.27	1.361162e+05	1.477091e+00	6.321284e+00	13.41	4.457255e-08	4408	5.114e-03
135kHz_100dA_100Mss_PM090.txt	26/06/2024 14:19:56	18.6	5.42	1.06	38460.00	191.80	1.361162e+05	1.462520e+00	6.319896e+00	12.79	4.294718e-08	4408	5.128e-03
135kHz_100dA_100Mss_PM091.txt	26/06/2024 14:19:57	18.6	4.61	0.87	38460.00	198.87	1.361162e+05	1.511106e+00	6.314361e+00	11.23	3.646771e-08	4408	5.263e-03
135kHz_100dA_100Mss_PM092.txt	26/06/2024 14:19:57	18.6	5.85	1.08	38460.00	203.90	1.361162e+05	1.549406e+00	6.320733e+00	13.86	4.392732e-08	4408	5.377e-03
135kHz_100dA_100Mss_PM093.txt	26/06/2024 14:19:58	18.6	4.55	0.85	38460.00	204.03	1.361162e+05	1.544760e+00	6.313216e+00	11.05	3.512704e-08	4408	5.349e-03
135kHz_100dA_100Mss_PM094.txt	26/06/2024 14:19:58	18.6	4.99	1.01	38460.00	187.07	1.361162e+05	1.425856e+00	6.319962e+00	12.49	4.302423e-08	4408	4.966e-03
135kHz_100dA_100Mss_PM095.txt	26/06/2024 14:19:59	18.6	5.03	0.99	38460.00	193.04	1.361162e+05	1.467760e+00	6.317741e+00	12.09	4.042510e-08	4408	5.107e-03
135kHz_100dA_100Mss_PM096.txt	26/06/2024 14:20:00	18.6	6.42	1.25	38460.00	193.82	1.361162e+05	1.478681e+00	6.324858e+00	14.68	4.875889e-08	4408	5.153e-03
135kHz_100dA_100Mss_PM097.txt	26/06/2024 14:20:00	18.6	6.77	1.22	38460.00	208.14	1.361162e+05	1.587893e+00	6.324217e+00	15.52	4.800741e-08	4408	5.572e-03
135kHz_100dA_100Mss_PM098.txt	26/06/2024 14:20:01	18.6	7.26	1.42	38460.00	192.59	1.361162e+05	1.469322e+00	6.330735e+00	16.64	5.564356e-08	4408	5.157e-03
135kHz_100dA_100Mss_PM099.txt	26/06/2024 14:20:01	18.6	5.10	0.94	38460.00	203.52	1.361162e+05	1.542803e+00	6.315080e+00	11.73	3.730904e-08	4408	5.416e-03
135kHz_100dA_100Mss_PM100.txt	26/06/2024 14:20:02	18.7	5.07	0.98	38460.00	195.06	1.361162e+05	1.485326e+00	6.317224e+00	12.05	3.981902e-08	4408	5.188e-03
135kHz_100dA_100Mss_PM101.txt	26/06/2024 14:20:02	18.7	3.96	0.79	38460.00	191.71	1.361162e+05	1.452223e+00	6.311466e+00	9.79	3.307872e-08	4408	5.011e-03
135kHz_100dA_100Mss_PM102.txt	26/06/2024 14:20:03	18.6	4.94	0.93	38460.00	201.38	1.361162e+05	1.524450e+00	6.314708e+00	11.45	3.687351e-08	4408	5.297e-03
135kHz_100dA_100Mss_PM103.txt	26/06/2024 14:20:03	18.6	5.22	0.97	38460.00	203.97	1.361162e+05	1.550251e+00	6.315945e+00	12.10	3.832138e-08	4408	5.408e-03
135kHz_100dA_100Mss_PM104.txt	26/06/2024 14:20:04	18.6	4.32	0.87	38460.00	188.02	1.361162e+05	1.427543e+00	6.314875e+00	10.78	3.706894e-08	4408	4.966e-03
135kHz_100dA_100Mss_PM105.txt	26/06/2024 14:20:04	18.6	4.99	0.94	38460.00	201.56	1.361162e+05	1.528930e+00	6.315741e+00	11.86	3.808293e-08	4408	5.292e-03
135kHz_100dA_100Mss_PM106.txt	26/06/2024 14:20:05	18.7	2.05	0.41	38460.00	189.37	1.361162e+05	1.427253e+00	6.299953e+00	5.70	1.960931e-08	4408	4.955e-03
135kHz_100dA_100Mss_PM107.txt	26/06/2024 14:20:05	18.7	3.75	0.75	38460.00	190.38	1.361162e+05	1.440833e+00	6.309690e+00	9.10	3.099997e-08	4408	4.987e-03
135kHz_100dA_100Mss_PM108.txt	26/06/2024 14:20:06	18.6	6.73	1.25	38460.00	202.42	1.361162e+05	1.543471e+00	6.325425e+00	15.53	4.942316e-08	4408	5.387e-03
135kHz_100dA_100Mss_PM109.txt	26/06/2024 14:20:07	18.7	5.61	1.06	38460.00	199.73	1.361162e+05	1.517219e+00	6.319473e+00	13.12	4.245145e-08	4408	5.306e-03
135kHz_100dA_100Mss_PM110.txt	26/06/2024 14:20:07	18.7	6.63	1.27	38460.00	195.26	1.361162e+05	1.490174e+00	6.326748e+00	15.47	5.097250e-08	4408	5.228e-03
135kHz_100dA_100Mss_PM111.txt	26/06/2024 14:20:07	18.7	3.67	0.72	38460.00	193.57	1.361162e+05	1.465182e+00	6.309277e+00	9.11	3.051685e-08	4408	5.094e-03
135kHz_100dA_100Mss_PM112.txt	26/06/2024 14:20:08	18.7	4.12	0.81	38460.00	191.19	1.361162e+05	1.450197e+00	6.312753e+00	10.22	3.458562e-08	4408	5.077e-03
135kHz_100dA_100Mss_PM113.txt	26/06/2024 14:20:08	18.7	5.57	1.03	38460.00	203.92	1.361162e+05	1.547757e+00	6.318267e+00	12.94	4.103968e-08	4408	5.400e-03
135kHz_100dA_100Mss_PM114.txt	26/06/2024 14:20:09	18.7	3.01	0.62	38460.00	183.82	1.361162e+05	1.393036e+00	6.307939e+00	8.22	2.895126e-08	4408	4.851e-03
135kHz_100dA_100Mss_PM115.txt	26/06/2024 14:20:10	18.7	5.86	1.11	38460.00	199.97	1.361162e+05	1.523119e+00	6.321361e+00	13.85	4.466285e-08	4408	5.268e-03
135kHz_100dA_100Mss_PM116.txt	26/06/2024 14:20:10	18.7	6.59	1.23	38460.00	200.98	1.361162e+05	1.533300e+00	6.324820e+00	15.21	4.871289e-08	4408	5.385e-03
135kHz_100dA_100Mss_PM117.txt	26/06/2024 14:20:11	18.7	4.94	0.95	38460.00	196.31	1.361162e+05	1.492423e+00	6.316855e+00	11.97	3.938648e-08	4408	5.213e-03
135kHz_100dA_100Mss_PM118.txt	26/06/2024 14:20:11	18.7	5.10	0.98	38460.00	195.56	1.361162e+05	1.487027e+00	6.318085e+00	12.37	4.082561e-08	4408	5.195e-03
135kHz_100dA_100Mss_PM119.txt	26/06/2024 14:20:12	18.7	4.87	0.98	38460.00	188.63	1.361162e+05	1.434240e+00	6.317780e+00	11.82	4.046849e-08	4408	4.971e-03
135kHz_100dA_100Mss_PM120.txt	26/06/2024 14:20:12	18.7	6.17	1.20	38460.00	193.13	1.361162e+05	1.472383e+00	6.324620e+00	14.54	4.847838e-08	4408	5.155e-03
135kHz_100dA_100Mss_PM121.txt	26/06/2024 14:20:13	18.7	4.29	0.78	38460.00	207.38	1.361162e+05	1.570615e+00	6.310981e+00	10.40	3.251112e-08	4408	5.489e-03
135kHz_100dA_100Mss_PM122.txt	26/06/2024 14:20:14	18.7	6.79	1.29	38460.00	196.83	1.361162e+05	1.501872e+00	6.327083e+00	15.71	5.136343e-08	4408	5.290e-03
135kHz_100dA_100Mss_PM123.txt	26/06/2024 14:20:14	18.7	3.64	0.70	38460.00	197.67	1.361162e+05	1.491656e+00	6.308035e+00	8.83	2.906351e-08	4408	5.213e-03
135kHz_100dA_100Mss_PM124.txt	26/06/2024 14:20:15	18.7	5.66	1.01	38460.00	211.67	1.361162e+05	1.605881e+00	6.318428e+00	13.49	4.122759e-08	4408	5.590e-03
135kHz_100dA_100Mss_PM125.txt	26/06/2024 14:20:15	18.7	5.33	0.97	38460.00	207.04	1.361162e+05	1.570230e+00	6.316649e+00	12.52	3.914534e-08	4408	5.513e-03
135kHz_100dA_100Mss_PM126.txt	26/06/2024 14:20:16	18.7	5.38	0.96	38460.00	211.52	1.361162e+05	1.601869e+00	6.316066e+00	12.55	3.846272e-08	4408	5.593e-03
135kHz_100dA_100Mss_PM127.txt	26/06/2024 14:20:16	18.7	4.62	0.91	38460.00	191.20	1.361162e+05	1.450021e+00	6.314945e+00	10.97	3.714964e-08	4408	5.072e-03
135kHz_100dA_100Mss_PM128.txt	26/06/2024 14:20:17	18.7	4.81	0.91	38460.00	197.69	1.361162e+05	1.501572e+00	6.315554e+00	11.58	3.786287e-08	4408	5.273e-03
135kHz_100dA_100Mss_PM129.txt	26/06/2024 14:20:17	18.7	4.42	0.86	38460.00	196.60	1.361162e+05	1.488653e+00	6.312738e+00	10.48	3.456708e-08	4408	5.154e-03
135kHz_100dA_100Mss_PM130.txt	26/06/2024 14:20:18	18.7	3.94	0.78	38460.00	191.42	1.361162e+05	1.450885e+00	6.312105e+00	10.00	3.382635e-08	4408	5.044e-03
135kHz_100dA_100Mss_PM131.txt	26/06/2024 14:20:18	18.7	6.33	1.19	38460.00	199.87	1.361162e+05	1.522269e+00	6.323427e+00	14.60	4.708164e-08	4408	5.326e-03
135kHz_100dA_100Mss_PM132.txt	26/06/2024 14:20:19	18.8	5.04	0.92	38460.00	208.16	1.361162e+05	1.575870e+00	6.314761e+00	11.86	3.693460e-08	4408	5.479e-03
135kHz_100dA_100Mss_PM133.txt	26/06/2024 14:20:20	18.7	3.74	0.75	38460.00	191.01	1.361162e+05	1.445777e+00	6.310026e+00	9.25	3.139274e-08	4408	5.016e-03
135kHz_100dA_100Mss_PM134.txt	26/06/2024 14:20:20	18.7	5.06	0.94	38460.00	203.76	1.361162e+05	1.542543e+00	6.315100e+00	11.73	3.733165e-08	4408	5.360e-03
135kHz_100dA_100Mss_PM135.txt	26/06/2024 14:20:21	18.8	3.70	0.71	38460.00	195.75	1.361162e+05	1.479510e+00	6.308322e+00	8.86	2.939912e-08	4408	5.175e-03
135kHz_100dA_100Mss_PM136.txt	26/06/2024 14:20:21	18.8	4.37	0.83	38460.00	198.61	1.361162e+05	1.502796e+00	6.312073e+00	10.34	3.378815e-08	4408	5.229e-03
135kHz_100dA_100Mss_PM137.txt	26/06/2024 14:20:22	18.8	5.07	0.96	38460.00	199.54	1.361162e+05	1.514908e+00	6.316718e+00	12.10	3.922541e-08	4408	5.292e-03
135kHz_100dA_100Mss_PM138.txt	26/06/2024 14:20:22	18.8	4.58	0.90	38460.00	194.08	1.361162e+05	1.470058e+00	6.313902e+00	10.76	3.592881e-08	4408	5.114e-03
135kHz_100dA_100Mss_PM139.txt	26/06/2024 14:20:23	18.8	5.28	1.01	38460.00	196.13	1.361162e+05	1.494827e+00	6.319055e+00	12.78	4.196064e-08	4408	5.207e-03
135kHz_100dA_100Mss_PM140.txt	26/06/2024 14:20:23	18.8	2.99	0.59	38460.00	189.48	1.361162e+05	1.428180e+00	6.304690e+00	7.32	2.514965e-08	4408	5.029e-03
135kHz_100dA_100Mss_PM141.txt	26/06/2024 14:20:24	18.8	4.14	0.80	38460.00	195.57	1.361162e+05	1.479788e+00	6.310584e+00	9.66	3.204591e-08	4408	5.163e-03
135kHz_100dA_100Mss_PM142.txt	26/06/2024 14:20:24	18.8	4.06	0.84	38460.00	183.93	1.361162e+05	1.397610e+00	6.315175e+00	10.65	3.741939e-08	4408	4.847e-03
135kHz_100dA_100Mss_PM143.txt	26/06/2024 14:20:25	18.8	3.87	0.74	38460.00	200.55	1.361162e+05	1.514513e+00	6.310295e+00	9.78	3.170763e-08	4408	5.224e-03
135kHz_100dA_100Mss_PM144.txt	26/06/2024 14:20:25	18.8	5.55	1.02	38460.00	205.98	1.361162e+05	1.564498e+00	6.319149e+00	13.41	4.207167e-08	4408	5.434e-03
135kHz_100dA_100Mss_PM145.txt	26/06/2024 14:20:26	18.8	5.46	1.01	38460.00	203.90	1.361162e+05	1.545598e+00	6.316848e+00	12.40	3.937729e-08	4408	5.396e-03
135kHz_100dA_100Mss_PM146.txt	26/06/2024 14:20:26	18.8	4.25	0.84	38460.00	191.05	1.361162e+05	1.449197e+00	6.312790e+00	10.22	3.462779e-08	4408	5.055e-03
135kHz_100dA_100Mss_PM147.txt	26/06/2024 14:20:27	18.8	4.09	0.82	38460.00	188.51	1.361162e+05	1.429665e+00	6.312687e+00	10.05	3.450651e-08	4408	4.983e-03
135kHz_100dA_100Mss_PM148.txt	26/06/2024 14:20:27	18.8	3.83	0.76	38460.00	188.12	1.361162e+05	1.426051e+00	6.311259e+00	9.54	3.283600e-08	4408	5.004e-03
135kHz_100dA_100Mss_PM149.txt	26/06/2024 14:20:28	18.8	5.49	1.07	38460.00	194.85	1.361162e+05	1.486708e+00	6.320112e+00	13.08	4.319791e-08	4408	5.165e-03
135kHz_100dA_100Mss_PM150.txt	26/06/2024 14:20:28	18.8	6.53	1.22	38460.00	201.56	1.361162e+05	1.536685e+00	6.324051e+00	14.96	4.781099e-08	4408	5.344e-03
135kHz_100dA_100Mss_PM151.txt	26/06/2024 14:20:29	18.8	3.80	0.76	38460.00	188.76	1.361162e+05	1.431093e+00	6.311652e+00	9.71	3.329530e-08	4408	5.032e-03
135kHz_100dA_100Mss_PM152.txt	26/06/2024 14:20:30	18.8	3.42	0.68	38460.00	189.50	1.361162e+05	1.433662e+00	6.307541e+00	8.32	2.848519e-08	4408	5.007e-03
135kHz_100dA_100Mss_PM153.txt	26/06/2024 14:20:30	18.8	5.15	0.97	38460.00	201.38	1.361162e+05	1.525818e+00	6.315538e+00	11.76	3.784288e-08	4408	5.301e-03
135kHz_100dA_100Mss_PM154.txt	26/06/2024 14:20:31	18.8	5.61	1.09	38460.00	195.03	1.361162e+05	1.481547e+00	6.320982e+00	13.34	4.421707e-08	4408	5.152e-03
135kHz_100dA_100Mss_PM155.txt	26/06/2024 14:20:31	18.8	4.99	0.96	38460.00	195.41	1.361162e+05	1.482038e+00	6.316789e+00	11.87	3.930777e-08	4408	5.192e-03
135kHz_100dA_100Mss_PM156.txt	26/06/2024 14:20:32	18.8	4.71	0.91	38460.00	195.29	1.361162e+05	1.481541e+00	6.315446e+00	11.39	3.773569e-08	4408	5.169e-03
135kHz_100dA_100Mss_PM157.txt	26/06/2024 14:20:32	18.8	4.08	0.78	38460.00	198.03	1.361162e+05	1.497064e+00	6.310315e+00	9.68	3.173130e-08	4408	5.236e-03
135kHz_100dA_100Mss_PM158.txt	26/06/2024 14:20:33	18.8	3.04	0.61	38460.00	188.32	1.361162e+05	1.422878e+00	6.305925e+00	7.71	2.659366e-08	4408	4.985e-03
135kHz_100dA_100Mss_PM159.txt	26/06/2024 14:20:33	18.8	3.73	0.72	38460.00	197.93	1.361162e+05	1.494372e+00	6.309519e+00	9.38	3.079932e-08	4408	5.211e-03
135kHz_100dA_100Mss_PM160.txt	26/06/2024 14:20:34	18.8	3.89	0.80	38460.00	181.92	1.361162e+05	1.379301e+00	6.312125e+00	9.51	3.384892e-08	4408	4.829e-03
135kHz_100dA_100Mss_PM161.txt	26/06/2024 14:20:34	18.8	5.20	0.99	38460.00	197.97	1.361162e+05	1.503200e+00	6.317623e+00	12.34	4.028412e-08	4408	5.250e-03
135kHz_100dA_100Mss_PM162.txt	26/06/2024 14:20:35	18.8	4.50	0.92	38460.00	184.01	1.361162e+05	1.400427e+00	6.315523e+00	10.79	3.782506e-08	4408	4.884e-03
135kHz_100dA_100Mss_PM163.txt	26/06/2024 14:20:35	18.8	4.61	0.90	38460.00	194.53	1.361162e+05	1.476575e+00	6.315383e+00	11.33	3.766234e-08	4408	5.132e-03
135kHz_100dA_100Mss_PM164.txt	26/06/2024 14:20:36	18.8	4.12	0.81	38460.00	191.84	1.360853e+05	1.454070e+00	6.312232e+00	10.06	3.397440e-08	4409	5.066e-03
135kHz_100dA_100Mss_PM165.txt	26/06/2024 14:20:36	18.8	4.59	0.86	38460.00	200.51	1.360853e+05	1.518779e+00	6.313673e+00	11.03	3.566107e-08	4409	5.326e-03
135kHz_100dA_100Mss_PM166.txt	26/06/2024 14:20:37	18.8	3.67	0.75	38460.00	185.14	1.361162e+05	1.403796e+00	6.310506e+00	9.14	3.195432e-08	4408	4.910e-03
135kHz_100dA_100Mss_PM167.txt	26/06/2024 14:20:37	18.8	3.94	0.83	38460.00	178.99	1.361162e+05	1.359396e+00	6.313435e+00	9.80	3.538167e-08	4408	4.728e-03
135kHz_100dA_100Mss_PM168.txt	26/06/2024 14:20:38	18.8	4.35	0.84	38460.00	195.78	1.361162e+05	1.484508e+00	6.313235e+00	10.63	3.514726e-08	4408	5.178e-03
135kHz_100dA_100Mss_PM169.txt	26/06/2024 14:20:38	18.8	4.39	0.89	38460.00	185.82	1.361162e+05	1.408755e+00	6.313467e+00	10.17	3.541853e-08	4408	4.915e-03
135kHz_100dA_100Mss_PM170.txt	26/06/2024 14:20:39	18.8	3.45	0.69	38460.00	188.74	1.361162e+05	1.425500e+00	6.307721e+00	8.33	2.869480e-08	4408	4.984e-03
135kHz_100dA_100Mss_PM171.txt	26/06/2024 14:20:40	18.8	4.38	0.88	38460.00	188.20	1.361162e+05	1.429388e+00	6.314728e+00	10.74	3.689452e-08	4408	4.976e-03
135kHz_100dA_100Mss_PM172.txt	26/06/2024 14:20:40	18.8	3.87	0.76	38460.00	191.31	1.361162e+05	1.452614e+00	6.311335e+00	9.74	3.292340e-08	4408	5.085e-03
135kHz_100dA_100Mss_PM173.txt	26/06/2024 14:20:41	18.8	4.71	0.94	38460.00	188.57	1.361162e+05	1.434102e+00	6.315910e+00	11.18	3.827794e-08	4408	5.027e-03
135kHz_100dA_100Mss_PM174.txt	26/06/2024 14:20:41	18.8	4.54	0.93	38460.00	184.98	1.361162e+05	1.405729e+00	6.316017e+00	11.00	3.840342e-08	4408	4.895e-03
135kHz_100dA_100Mss_PM175.txt	26/06/2024 14:20:42	18.8	5.69	1.06	38460.00	203.09	1.361162e+05	1.541105e+00	6.318869e+00	13.10	4.174155e-08	4408	5.389e-03
135kHz_100dA_100Mss_PM176.txt	26/06/2024 14:20:42	18.8	6.26	1.20	38460.00	196.51	1.361162e+05	1.499643e+00	6.323967e+00	14.57	4.771180e-08	4408	5.247e-03
135kHz_100dA_100Mss_PM177.txt	26/06/2024 14:20:43	18.8	5.90	1.12	38460.00	200.63	1.361162e+05	1.524879e+00	6.320662e+00	13.62	4.384089e-08	4408	5.271e-03
135kHz_100dA_100Mss_PM178.txt	26/06/2024 14:20:43	18.8	4.62	0.88	38460.00	198.70	1.361162e+05	1.506446e+00	6.313883e+00	11.02	3.590592e-08	4408	5.238e-03
135kHz_100dA_100Mss_PM179.txt	26/06/2024 14:20:44	18.9	4.74	0.93	38460.00	191.26	1.361162e+05	1.453889e+00	6.316099e+00	11.40	3.849963e-08	4408	5.077e-03
135kHz_100dA_100Mss_PM180.txt	26/06/2024 14:20:44	18.9	5.98	1.12	38460.00	200.16	1.361162e+05	1.523742e+00	6.320966e+00	13.72	4.419754e-08	4408	5.350e-03
135kHz_100dA_100Mss_PM181.txt	26/06/2024 14:20:45	18.8	4.87	0.94	38460.00	195.76	1.361162e+05	1.485840e+00	6.315538e+00	11.45	3.784205e-08	4408	5.166e-03
135kHz_100dA_100Mss_PM182.txt	26/06/2024 14:20:45	18.8	3.47	0.71	38460.00	184.84	1.361162e+05	1.400775e+00	6.308756e+00	8.54	2.990596e-08	4408	4.871e-03
135kHz_100dA_100Mss_PM183.txt	26/06/2024 14:20:46	18.8	4.97	0.96	38460.00	196.19	1.361162e+05	1.488708e+00	6.316218e+00	11.72	3.863824e-08	4408	5.174e-03
135kHz_100dA_100Mss_PM184.txt	26/06/2024 14:20:46	18.8	4.45	0.88	38460.00	191.07	1.361162e+05	1.450111e+00	6.312713e+00	10.20	3.453557e-08	4408	5.065e-03
135kHz_100dA_100Mss_PM185.txt	26/06/2024 14:20:47	18.9	5.21	1.04	38460.00	187.01	1.361162e+05	1.425290e+00	6.319649e+00	12.38	4.265539e-08	4408	4.996e-03
135kHz_100dA_100Mss_PM186.txt	26/06/2024 14:20:47	18.9	5.19	1.04	38460.00	186.65	1.361162e+05	1.421565e+00	6.320140e+00	12.52	4.322932e-08	4408	4.973e-03
135kHz_100dA_100Mss_PM187.txt	26/06/2024 14:20:48	18.9	4.55	0.93	38460.00	184.07	1.361162e+05	1.399867e+00	6.315917e+00	10.92	3.828575e-08	4408	4.889e-03
135kHz_100dA_100Mss_PM188.txt	26/06/2024 14:20:48	18.9	5.59	1.09	38460.00	192.62	1.361162e+05	1.468429e+00	6.320469e+00	13.05	4.361501e-08	4408	5.123e-03
135kHz_100dA_100Mss_PM189.txt	26/06/2024 14:20:49	18.9	5.91	1.10	38460.00	202.12	1.361162e+05	1.535011e+00	6.320070e+00	13.49	4.314835e-08	4408	5.360e-03
135kHz_100dA_100Mss_PM190.txt	26/06/2024 14:20:50	18.8	5.51	1.06	38460.00	197.65	1.361162e+05	1.503613e+00	6.320320e+00	13.30	4.344077e-08	4408	5.225e-03
135kHz_100dA_100Mss_PM191.txt	26/06/2024 14:20:50	18.8	4.28	0.84	38460.00	193.93	1.361162e+05	1.470987e+00	6.313150e+00	10.50	3.504729e-08	4408	5.115e-03
135kHz_100dA_100Mss_PM192.txt	26/06/2024 14:20:51	18.9	4.58	0.88	38460.00	196.17	1.361162e+05	1.488475e+00	6.314656e+00	11.16	3.680987e-08	4408	5.179e-03
135kHz_100dA_100Mss_PM193.txt	26/06/2024 14:20:51	18.9	5.08	0.96	38460.00	198.81	1.361162e+05	1.508368e+00	6.316186e+00	11.86	3.860119e-08	4408	5.270e-03
135kHz_100dA_100Mss_PM194.txt	26/06/2024 14:20:52	18.9	4.80	0.91	38460.00	198.54	1.361162e+05	1.506649e+00	6.314346e+00	11.19	3.644717e-08	4408	5.270e-03
135kHz_100dA_100Mss_PM195.txt	26/06/2024 14:20:52	18.9	4.22	0.88	38460.00	181.56	1.361162e+05	1.379134e+00	6.313992e+00	10.12	3.603319e-08	4408	4.820e-03
135kHz_100dA_100Mss_PM196.txt	26/06/2024 14:20:53	18.9	4.27	0.85	38460.00	193.19	1.361162e+05	1.463951e+00	6.313302e+00	10.51	3.522444e-08	4408	5.042e-03
135kHz_100dA_100Mss_PM197.txt	26/06/2024 14:20:53	18.9	4.34	0.83	38460.00	198.57	1.361162e+05	1.504474e+00	6.312471e+00	10.50	3.425266e-08	4408	5.214e-03
135kHz_100dA_100Mss_PM198.txt	26/06/2024 14:20:54	18.9	5.04	0.95	38460.00	199.29	1.361162e+05	1.512466e+00	6.317177e+00	12.25	3.976042e-08	4408	5.286e-03
135kHz_100dA_100Mss_PM199.txt	26/06/2024 14:20:54	18.9	4.87	0.98	38460.00	188.42	1.361162e+05	1.432126e+00	6.317293e+00	11.64	3.989611e-08	4408	4.977e-03
135kHz_100dA_100Mss_PM200.txt	26/06/2024 14:20:55	18.9	4.89	0.95	38460.00	194.47	1.361162e+05	1.477363e+00	6.316759e+00	11.82	3.927149e-08	4408	5.129e-03
135kHz_100dA_100Mss_PM201.txt	26/06/2024 14:20:55	18.9	3.69	0.77	38460.00	181.41	1.361162e+05	1.376591e+00	6.311066e+00	9.15	3.260860e-08	4408	4.776e-03
135kHz_100dA_100Mss_PM202.txt	26/06/2024 14:20:56	18.9	4.17	0.83	38460.00	191.44	1.361162e+05	1.450937e+00	6.312314e+00	10.07	3.406901e-08	4408	5.022e-03
135kHz_100dA_100Mss_PM203.txt	26/06/2024 14:20:56	18.9	3.81	0.76	38460.00	187.34	1.361162e+05	1.417660e+00	6.310114e+00	9.10	3.149378e-08	4408	4.982e-03
135kHz_100dA_100Mss_PM204.txt	26/06/2024 14:20:57	18.9	3.96	0.75	38460.00	199.36	1.361162e+05	1.510282e+00	6.309816e+00	9.58	3.114629e-08	4408	5.299e-03
