# Configuracion:
# Concentracion g/m^3_=_11700.0
# C_Vs_to_Am_M_A/Vsm_=_254322799225.57578
# pendiente_HvsI_1/m_=_3716.3
# ordenada_HvsI_A/m_=_1297.0
# frecuencia_ref_Hz_=_136070.4113917125
# 
Resultados:
# tau_s_=_(4.25+/-2.20)e-08
# dphi_rad_=_6.32+/-0.02
# SAR_W/g_=_13.91+/-7.33
# Hc_kA/m_=_1.07+/-0.53
# Mr_A/m_=_6.12+/-3.11
# Suceptibilidad_a_M=0_=_0.0057+/-0.0006

Nombre_archivo	Time_m	Temperatura_(ºC)	Mr_(A/m)	Hc_(kA/m)	Campo_max_(A/m)	Mag_max_(A/m)	f0	mag0	dphi0	SAR_(W/g)	Tau_(s)	N	xi_M_0
135kHz_100dA_100Mss_PM009.txt	26/06/2024 14:15:47	16.7	3.60	0.71	38460.00	190.61	1.360236e+05	1.438072e+00	6.308993e+00	8.84	3.020276e-08	4411	5.078e-03
135kHz_100dA_100Mss_PM010.txt	26/06/2024 14:15:47	16.7	4.44	0.81	38460.00	203.16	1.360236e+05	1.537010e+00	6.312349e+00	10.67	3.413195e-08	4411	5.472e-03
135kHz_100dA_100Mss_PM011.txt	26/06/2024 14:15:48	16.7	3.35	0.62	38460.00	199.63	1.360236e+05	1.510979e+00	6.308400e+00	9.07	2.950791e-08	4411	5.364e-03
135kHz_100dA_100Mss_PM012.txt	26/06/2024 14:15:48	16.7	3.87	0.72	38460.00	199.82	1.360236e+05	1.514072e+00	6.310828e+00	9.97	3.235090e-08	4411	5.388e-03
135kHz_100dA_100Mss_PM013.txt	26/06/2024 14:15:49	16.7	4.59	0.83	38460.00	204.97	1.360236e+05	1.549551e+00	6.312321e+00	10.75	3.409883e-08	4411	5.506e-03
135kHz_100dA_100Mss_PM014.txt	26/06/2024 14:15:49	16.7	4.24	0.79	38460.00	198.62	1.360236e+05	1.504090e+00	6.311980e+00	10.31	3.369960e-08	4411	5.332e-03
135kHz_100dA_100Mss_PM015.txt	26/06/2024 14:15:50	16.7	3.98	0.75	38460.00	198.47	1.360544e+05	1.499810e+00	6.309918e+00	9.55	3.128541e-08	4410	5.309e-03
135kHz_100dA_100Mss_PM016.txt	26/06/2024 14:15:50	16.7	5.23	0.95	38460.00	204.50	1.360236e+05	1.552286e+00	6.316669e+00	12.38	3.919138e-08	4411	5.496e-03
135kHz_100dA_100Mss_PM017.txt	26/06/2024 14:15:51	16.7	3.94	0.73	38460.00	201.65	1.360236e+05	1.524684e+00	6.310178e+00	9.80	3.158989e-08	4411	5.418e-03
135kHz_100dA_100Mss_PM018.txt	26/06/2024 14:15:51	16.7	4.50	0.84	38460.00	198.53	1.360236e+05	1.503652e+00	6.313803e+00	10.96	3.583474e-08	4411	5.326e-03
135kHz_100dA_100Mss_PM019.txt	26/06/2024 14:15:52	16.7	2.91	0.55	38460.00	195.36	1.360544e+05	1.471166e+00	6.304103e+00	7.33	2.447764e-08	4410	5.261e-03
135kHz_100dA_100Mss_PM020.txt	26/06/2024 14:15:53	16.7	3.88	0.72	38460.00	199.96	1.360544e+05	1.509769e+00	6.309456e+00	9.45	3.074409e-08	4410	5.349e-03
135kHz_100dA_100Mss_PM021.txt	26/06/2024 14:15:53	16.7	4.37	0.82	38460.00	199.23	1.360236e+05	1.509628e+00	6.312284e+00	10.46	3.405543e-08	4411	5.360e-03
135kHz_100dA_100Mss_PM022.txt	26/06/2024 14:15:54	16.7	5.53	0.99	38460.00	204.12	1.360236e+05	1.554700e+00	6.318996e+00	13.26	4.191615e-08	4411	5.565e-03
135kHz_100dA_100Mss_PM023.txt	26/06/2024 14:15:54	16.7	3.68	0.70	38460.00	196.94	1.360236e+05	1.488435e+00	6.309737e+00	9.41	3.107337e-08	4411	5.272e-03
135kHz_100dA_100Mss_PM024.txt	26/06/2024 14:15:55	16.7	4.66	0.86	38460.00	198.70	1.360236e+05	1.506456e+00	6.314955e+00	11.40	3.718326e-08	4411	5.364e-03
135kHz_100dA_100Mss_PM025.txt	26/06/2024 14:15:55	16.7	5.73	1.01	38460.00	211.24	1.360544e+05	1.598829e+00	6.316401e+00	12.65	3.887702e-08	4410	5.686e-03
135kHz_100dA_100Mss_PM026.txt	26/06/2024 14:15:56	16.7	5.75	1.06	38460.00	202.91	1.360236e+05	1.542251e+00	6.319418e+00	13.31	4.241114e-08	4411	5.442e-03
135kHz_100dA_100Mss_PM027.txt	26/06/2024 14:15:56	16.7	5.50	1.02	38460.00	199.13	1.360236e+05	1.514344e+00	6.319821e+00	13.21	4.288284e-08	4411	5.362e-03
135kHz_100dA_100Mss_PM028.txt	26/06/2024 14:15:57	16.7	4.38	0.83	38460.00	196.16	1.360544e+05	1.487606e+00	6.314217e+00	11.00	3.631921e-08	4410	5.266e-03
135kHz_100dA_100Mss_PM029.txt	26/06/2024 14:15:57	16.7	3.20	0.61	38460.00	194.23	1.360544e+05	1.468763e+00	6.307065e+00	8.35	2.794417e-08	4410	5.240e-03
135kHz_100dA_100Mss_PM030.txt	26/06/2024 14:15:58	16.7	6.08	1.10	38460.00	204.89	1.360236e+05	1.559550e+00	6.322906e+00	14.75	4.649644e-08	4411	5.515e-03
135kHz_100dA_100Mss_PM031.txt	26/06/2024 14:15:58	16.7	4.15	0.77	38460.00	200.44	1.360236e+05	1.519197e+00	6.311773e+00	10.34	3.345618e-08	4411	5.374e-03
135kHz_100dA_100Mss_PM032.txt	26/06/2024 14:15:59	16.7	5.55	0.96	38460.00	213.96	1.360544e+05	1.620612e+00	6.317955e+00	13.42	4.069617e-08	4410	5.771e-03
135kHz_100dA_100Mss_PM033.txt	26/06/2024 14:15:59	16.7	3.54	0.64	38460.00	206.78	1.360236e+05	1.559048e+00	6.307127e+00	8.89	2.801659e-08	4411	5.565e-03
135kHz_100dA_100Mss_PM034.txt	26/06/2024 14:16:00	16.7	5.39	1.01	38460.00	196.24	1.360236e+05	1.492777e+00	6.318657e+00	12.61	4.151849e-08	4411	5.339e-03
135kHz_100dA_100Mss_PM035.txt	26/06/2024 14:16:00	16.7	4.56	0.82	38460.00	207.51	1.360236e+05	1.570564e+00	6.312259e+00	10.87	3.402539e-08	4411	5.575e-03
135kHz_100dA_100Mss_PM036.txt	26/06/2024 14:16:01	16.7	5.14	0.97	38460.00	197.26	1.360544e+05	1.498012e+00	6.317087e+00	12.10	3.967944e-08	4410	5.320e-03
135kHz_100dA_100Mss_PM037.txt	26/06/2024 14:16:01	16.7	6.36	1.19	38460.00	199.71	1.360236e+05	1.524000e+00	6.324205e+00	14.88	4.801898e-08	4411	5.366e-03
135kHz_100dA_100Mss_PM038.txt	26/06/2024 14:16:02	16.7	4.58	0.84	38460.00	205.37	1.360544e+05	1.550452e+00	6.313500e+00	11.20	3.547805e-08	4410	5.431e-03
135kHz_100dA_100Mss_PM039.txt	26/06/2024 14:16:03	16.6	3.15	0.57	38460.00	206.43	1.360544e+05	1.551659e+00	6.304014e+00	7.70	2.437251e-08	4410	5.504e-03
135kHz_100dA_100Mss_PM040.txt	26/06/2024 14:16:03	16.6	4.89	0.89	38460.00	203.27	1.360236e+05	1.538218e+00	6.315428e+00	11.81	3.773664e-08	4411	5.462e-03
135kHz_100dA_100Mss_PM041.txt	26/06/2024 14:16:04	16.6	5.15	0.92	38460.00	208.72	1.360236e+05	1.583710e+00	6.316049e+00	12.39	3.846296e-08	4411	5.599e-03
135kHz_100dA_100Mss_PM042.txt	26/06/2024 14:16:04	16.6	2.38	0.44	38460.00	199.28	1.360544e+05	1.493844e+00	6.299641e+00	5.86	1.925471e-08	4410	5.369e-03
135kHz_100dA_100Mss_PM043.txt	26/06/2024 14:16:05	16.6	2.29	0.42	38460.00	203.38	1.360236e+05	1.524271e+00	6.299204e+00	5.82	1.874342e-08	4411	5.380e-03
135kHz_100dA_100Mss_PM044.txt	26/06/2024 14:16:05	16.6	7.39	1.28	38460.00	213.31	1.360544e+05	1.627682e+00	6.326445e+00	16.77	5.064391e-08	4410	5.784e-03
135kHz_100dA_100Mss_PM045.txt	26/06/2024 14:16:06	16.6	3.60	0.70	38460.00	192.61	1.360544e+05	1.452413e+00	6.309363e+00	9.06	3.063418e-08	4410	5.143e-03
135kHz_100dA_100Mss_PM046.txt	26/06/2024 14:16:06	16.6	5.40	1.01	38460.00	195.34	1.360236e+05	1.486923e+00	6.320965e+00	13.38	4.422128e-08	4411	5.331e-03
135kHz_100dA_100Mss_PM047.txt	26/06/2024 14:16:07	16.7	4.91	0.85	38460.00	212.41	1.360544e+05	1.607695e+00	6.313517e+00	11.62	3.549825e-08	4410	5.769e-03
135kHz_100dA_100Mss_PM048.txt	26/06/2024 14:16:07	16.7	5.45	0.98	38460.00	204.60	1.360544e+05	1.557489e+00	6.318365e+00	13.05	4.117586e-08	4410	5.577e-03
135kHz_100dA_100Mss_PM049.txt	26/06/2024 14:16:08	16.6	3.78	0.71	38460.00	200.91	1.360544e+05	1.515739e+00	6.309075e+00	9.35	3.029656e-08	4410	5.336e-03
135kHz_100dA_100Mss_PM050.txt	26/06/2024 14:16:08	16.6	3.01	0.57	38460.00	198.22	1.360544e+05	1.495039e+00	6.305378e+00	7.90	2.596782e-08	4410	5.306e-03
135kHz_100dA_100Mss_PM051.txt	26/06/2024 14:16:09	16.6	4.92	0.88	38460.00	205.84	1.360544e+05	1.555435e+00	6.314148e+00	11.47	3.623574e-08	4410	5.559e-03
135kHz_100dA_100Mss_PM052.txt	26/06/2024 14:16:09	16.6	4.85	0.88	38460.00	200.95	1.360544e+05	1.513149e+00	6.317397e+00	12.33	4.004054e-08	4410	5.467e-03
135kHz_100dA_100Mss_PM053.txt	26/06/2024 14:16:10	16.6	5.79	1.00	38460.00	210.75	1.360544e+05	1.598919e+00	6.318534e+00	13.46	4.137289e-08	4410	5.737e-03
135kHz_100dA_100Mss_PM054.txt	26/06/2024 14:16:11	16.6	4.11	0.69	38460.00	216.51	1.360544e+05	1.635787e+00	6.308519e+00	9.87	2.964501e-08	4410	5.929e-03
135kHz_100dA_100Mss_PM055.txt	26/06/2024 14:16:11	16.6	6.46	1.21	38460.00	200.49	1.360544e+05	1.509214e+00	6.326271e+00	15.49	5.043891e-08	4410	5.356e-03
135kHz_100dA_100Mss_PM056.txt	26/06/2024 14:16:12	16.6	5.78	1.03	38460.00	207.75	1.360544e+05	1.576240e+00	6.319965e+00	13.81	4.304907e-08	4410	5.614e-03
135kHz_100dA_100Mss_PM057.txt	26/06/2024 14:16:13	16.6	5.31	0.96	38460.00	205.51	1.360236e+05	1.562255e+00	6.318846e+00	13.27	4.173867e-08	4411	5.560e-03
135kHz_100dA_100Mss_PM058.txt	26/06/2024 14:16:13	16.6	7.38	1.30	38460.00	210.29	1.360236e+05	1.591551e+00	6.329210e+00	17.44	5.388397e-08	4411	5.672e-03
135kHz_100dA_100Mss_PM059.txt	26/06/2024 14:16:14	16.6	5.14	0.91	38460.00	205.00	1.360236e+05	1.555500e+00	6.317045e+00	12.54	3.962915e-08	4411	5.617e-03
135kHz_100dA_100Mss_PM060.txt	26/06/2024 14:16:14	16.6	7.68	1.44	38460.00	198.07	1.360236e+05	1.511869e+00	6.332991e+00	17.93	5.831761e-08	4411	5.368e-03
135kHz_100dA_100Mss_PM061.txt	26/06/2024 14:16:15	16.6	6.01	1.07	38460.00	207.08	1.360544e+05	1.577138e+00	6.321221e+00	14.29	4.452088e-08	4410	5.605e-03
135kHz_100dA_100Mss_PM062.txt	26/06/2024 14:16:15	16.6	7.15	1.26	38460.00	211.10	1.360544e+05	1.594982e+00	6.326979e+00	16.63	5.126795e-08	4410	5.680e-03
135kHz_100dA_100Mss_PM063.txt	26/06/2024 14:16:16	16.6	8.76	1.51	38460.00	216.85	1.360544e+05	1.631334e+00	6.335096e+00	20.16	6.078603e-08	4410	5.839e-03
135kHz_100dA_100Mss_PM064.txt	26/06/2024 14:16:16	16.6	2.92	0.50	38460.00	217.85	1.360544e+05	1.633384e+00	6.301464e+00	7.11	2.138709e-08	4410	5.810e-03
135kHz_100dA_100Mss_PM065.txt	26/06/2024 14:16:17	16.6	3.66	0.64	38460.00	213.69	1.360544e+05	1.608040e+00	6.306515e+00	8.94	2.729870e-08	4410	5.719e-03
135kHz_100dA_100Mss_PM066.txt	26/06/2024 14:16:17	16.6	2.44	0.44	38460.00	205.50	1.360544e+05	1.540648e+00	6.299985e+00	6.17	1.965599e-08	4410	5.568e-03
135kHz_100dA_100Mss_PM067.txt	26/06/2024 14:16:18	16.6	7.05	1.27	38460.00	206.61	1.360544e+05	1.574003e+00	6.326272e+00	16.15	5.043894e-08	4410	5.580e-03
135kHz_100dA_100Mss_PM068.txt	26/06/2024 14:16:18	16.6	8.36	1.49	38460.00	210.11	1.360236e+05	1.571078e+00	6.334910e+00	19.35	6.056713e-08	4411	5.626e-03
135kHz_100dA_100Mss_PM069.txt	26/06/2024 14:16:19	16.6	7.18	1.22	38460.00	217.31	1.360544e+05	1.642278e+00	6.325014e+00	16.36	4.896387e-08	4410	5.852e-03
135kHz_100dA_100Mss_PM070.txt	26/06/2024 14:16:19	16.6	4.95	0.88	38460.00	207.45	1.360544e+05	1.576613e+00	6.314859e+00	11.89	3.706736e-08	4410	5.626e-03
135kHz_100dA_100Mss_PM071.txt	26/06/2024 14:16:20	16.6	8.17	1.37	38460.00	219.55	1.360544e+05	1.673327e+00	6.329559e+00	18.48	5.429178e-08	4410	5.973e-03
135kHz_100dA_100Mss_PM072.txt	26/06/2024 14:16:20	16.6	8.39	1.43	38460.00	217.54	1.360544e+05	1.644672e+00	6.331328e+00	18.85	5.636666e-08	4410	5.886e-03
135kHz_100dA_100Mss_PM073.txt	26/06/2024 14:16:21	16.6	6.37	1.10	38460.00	214.16	1.360544e+05	1.626217e+00	6.320835e+00	14.58	4.406817e-08	4410	5.789e-03
135kHz_100dA_100Mss_PM074.txt	26/06/2024 14:16:21	16.6	3.61	0.63	38460.00	210.73	1.360544e+05	1.583846e+00	6.305596e+00	8.46	2.622287e-08	4410	5.682e-03
135kHz_100dA_100Mss_PM075.txt	26/06/2024 14:16:22	16.6	8.86	1.68	38460.00	197.04	1.360236e+05	1.488672e+00	6.341175e+00	20.55	6.791861e-08	4411	5.311e-03
135kHz_100dA_100Mss_PM076.txt	26/06/2024 14:16:23	16.6	3.63	0.63	38460.00	214.24	1.360544e+05	1.612824e+00	6.306313e+00	8.89	2.706226e-08	4410	5.734e-03
135kHz_100dA_100Mss_PM077.txt	26/06/2024 14:16:23	16.6	2.46	0.44	38460.00	205.90	1.360544e+05	1.540862e+00	6.300814e+00	6.47	2.062548e-08	4410	5.495e-03
135kHz_100dA_100Mss_PM078.txt	26/06/2024 14:16:24	16.6	4.66	0.80	38460.00	213.56	1.360544e+05	1.614049e+00	6.311241e+00	10.79	3.283097e-08	4410	5.790e-03
135kHz_100dA_100Mss_PM079.txt	26/06/2024 14:16:24	16.6	4.95	0.90	38460.00	205.68	1.360544e+05	1.555786e+00	6.314249e+00	11.51	3.635229e-08	4410	5.530e-03
135kHz_100dA_100Mss_PM080.txt	26/06/2024 14:16:25	16.6	6.55	1.12	38460.00	219.12	1.360544e+05	1.655218e+00	6.319832e+00	14.45	4.289222e-08	4410	5.821e-03
135kHz_100dA_100Mss_PM081.txt	26/06/2024 14:16:25	16.6	3.32	0.61	38460.00	204.33	1.360544e+05	1.535428e+00	6.305977e+00	8.34	2.666822e-08	4410	5.458e-03
135kHz_100dA_100Mss_PM082.txt	26/06/2024 14:16:26	16.6	10.55	1.85	38460.00	213.58	1.360544e+05	1.610062e+00	6.346062e+00	24.10	7.365597e-08	4410	5.768e-03
135kHz_100dA_100Mss_PM083.txt	26/06/2024 14:16:26	16.6	4.17	0.75	38460.00	207.68	1.360544e+05	1.570346e+00	6.310093e+00	10.06	3.148689e-08	4410	5.559e-03
135kHz_100dA_100Mss_PM084.txt	26/06/2024 14:16:27	16.6	5.49	1.00	38460.00	204.10	1.360544e+05	1.547576e+00	6.319050e+00	13.22	4.197617e-08	4410	5.459e-03
135kHz_100dA_100Mss_PM085.txt	26/06/2024 14:16:27	16.6	10.02	1.76	38460.00	212.49	1.360544e+05	1.617816e+00	6.342337e+00	22.78	6.928134e-08	4410	5.789e-03
135kHz_100dA_100Mss_PM086.txt	26/06/2024 14:16:28	16.6	9.41	1.63	38460.00	214.54	1.360544e+05	1.626340e+00	6.337973e+00	21.22	6.415935e-08	4410	5.799e-03
135kHz_100dA_100Mss_PM087.txt	26/06/2024 14:16:28	16.6	6.10	1.04	38460.00	219.12	1.360544e+05	1.654040e+00	6.318431e+00	13.88	4.125028e-08	4410	5.824e-03
135kHz_100dA_100Mss_PM088.txt	26/06/2024 14:16:29	16.7	5.64	0.98	38460.00	215.12	1.360544e+05	1.632585e+00	6.317864e+00	13.48	4.058661e-08	4410	5.761e-03
135kHz_100dA_100Mss_PM089.txt	26/06/2024 14:16:29	16.7	5.45	1.01	38460.00	204.32	1.360544e+05	1.543105e+00	6.318217e+00	12.87	4.099925e-08	4410	5.363e-03
135kHz_100dA_100Mss_PM090.txt	26/06/2024 14:16:30	16.6	7.47	1.34	38460.00	204.77	1.360544e+05	1.557397e+00	6.329850e+00	17.31	5.463149e-08	4410	5.574e-03
135kHz_100dA_100Mss_PM091.txt	26/06/2024 14:16:31	16.6	11.38	1.97	38460.00	217.19	1.360544e+05	1.629227e+00	6.348704e+00	25.41	7.675781e-08	4410	5.903e-03
135kHz_100dA_100Mss_PM092.txt	26/06/2024 14:16:31	16.6	2.56	0.43	38460.00	221.54	1.360544e+05	1.653403e+00	6.299068e+00	6.26	1.858181e-08	4410	5.871e-03
135kHz_100dA_100Mss_PM093.txt	26/06/2024 14:16:32	16.6	6.13	0.98	38460.00	230.63	1.360544e+05	1.741950e+00	6.316217e+00	13.70	3.865709e-08	4410	6.194e-03
135kHz_100dA_100Mss_PM094.txt	26/06/2024 14:16:32	16.6	2.40	0.39	38460.00	230.90	1.360544e+05	1.728225e+00	6.297427e+00	5.86	1.666230e-08	4410	6.172e-03
135kHz_100dA_100Mss_PM095.txt	26/06/2024 14:16:33	16.6	7.80	1.43	38460.00	202.10	1.360544e+05	1.545241e+00	6.331554e+00	17.80	5.662965e-08	4410	5.459e-03
135kHz_100dA_100Mss_PM096.txt	26/06/2024 14:16:34	16.7	5.17	0.85	38460.00	225.76	1.360544e+05	1.696235e+00	6.313620e+00	12.30	3.561509e-08	4410	6.078e-03
135kHz_100dA_100Mss_PM097.txt	26/06/2024 14:16:34	16.7	10.36	1.77	38460.00	215.05	1.360544e+05	1.619937e+00	6.344676e+00	23.71	7.202594e-08	4410	5.850e-03
135kHz_100dA_100Mss_PM098.txt	26/06/2024 14:16:35	16.6	5.31	0.95	38460.00	211.11	1.360544e+05	1.591888e+00	6.315619e+00	12.30	3.795596e-08	4410	5.586e-03
135kHz_100dA_100Mss_PM099.txt	26/06/2024 14:16:35	16.6	2.06	0.36	38460.00	213.73	1.360544e+05	1.603501e+00	6.298187e+00	5.73	1.755159e-08	4410	5.692e-03
135kHz_100dA_100Mss_PM100.txt	26/06/2024 14:16:36	16.7	1.41	0.25	38460.00	212.57	1.360544e+05	1.588012e+00	6.293419e+00	3.87	1.197221e-08	4410	5.654e-03
135kHz_100dA_100Mss_PM101.txt	26/06/2024 14:16:36	16.7	1.45	0.25	38460.00	219.94	1.360544e+05	1.635655e+00	6.292045e+00	3.45	1.036434e-08	4410	5.706e-03
135kHz_100dA_100Mss_PM102.txt	26/06/2024 14:16:37	16.6	3.18	0.57	38460.00	209.97	1.360544e+05	1.579663e+00	6.304524e+00	8.03	2.496624e-08	4410	5.658e-03
135kHz_100dA_100Mss_PM103.txt	26/06/2024 14:16:37	16.6	7.60	1.33	38460.00	215.41	1.360544e+05	1.631208e+00	6.326913e+00	16.99	5.118711e-08	4410	5.687e-03
135kHz_100dA_100Mss_PM104.txt	26/06/2024 14:16:38	16.6	8.16	1.38	38460.00	220.71	1.360544e+05	1.654007e+00	6.330697e+00	18.71	5.562237e-08	4410	5.930e-03
135kHz_100dA_100Mss_PM105.txt	26/06/2024 14:16:38	16.6	5.81	0.98	38460.00	222.95	1.360544e+05	1.683789e+00	6.316448e+00	13.34	3.892679e-08	4410	5.895e-03
135kHz_100dA_100Mss_PM106.txt	26/06/2024 14:16:39	16.6	8.24	1.39	38460.00	222.63	1.360544e+05	1.680196e+00	6.330154e+00	18.79	5.498625e-08	4410	5.959e-03
135kHz_100dA_100Mss_PM107.txt	26/06/2024 14:16:39	16.6	4.66	0.81	38460.00	214.06	1.360544e+05	1.617977e+00	6.311532e+00	10.92	3.316987e-08	4410	5.740e-03
135kHz_100dA_100Mss_PM108.txt	26/06/2024 14:16:40	16.7	2.90	0.48	38460.00	224.60	1.360544e+05	1.680925e+00	6.299547e+00	6.55	1.914259e-08	4410	6.056e-03
135kHz_100dA_100Mss_PM109.txt	26/06/2024 14:16:40	16.7	11.52	1.94	38460.00	222.20	1.360544e+05	1.687574e+00	6.346985e+00	25.63	7.473690e-08	4410	6.014e-03
135kHz_100dA_100Mss_PM110.txt	26/06/2024 14:16:41	16.7	7.48	1.24	38460.00	221.57	1.360544e+05	1.679700e+00	6.326104e+00	17.17	5.023917e-08	4410	6.021e-03
135kHz_100dA_100Mss_PM111.txt	26/06/2024 14:16:41	16.7	11.54	1.94	38460.00	220.66	1.360544e+05	1.675209e+00	6.346947e+00	25.43	7.469211e-08	4410	5.993e-03
135kHz_100dA_100Mss_PM112.txt	26/06/2024 14:16:42	16.7	7.01	1.17	38460.00	226.51	1.360544e+05	1.712340e+00	6.321330e+00	15.56	4.464425e-08	4410	5.992e-03
135kHz_100dA_100Mss_PM113.txt	26/06/2024 14:16:42	16.7	10.81	1.75	38460.00	230.61	1.360544e+05	1.713781e+00	6.342130e+00	24.05	6.903580e-08	4410	6.127e-03
135kHz_100dA_100Mss_PM114.txt	26/06/2024 14:16:43	16.8	11.25	1.87	38460.00	226.44	1.360544e+05	1.712511e+00	6.344522e+00	25.01	7.184383e-08	4410	6.143e-03
135kHz_100dA_100Mss_PM115.txt	26/06/2024 14:16:44	16.8	0.17	0.03	38460.00	223.41	1.360544e+05	1.656924e+00	6.284255e+00	0.42	1.250894e-09	4410	0.000e+00
135kHz_100dA_100Mss_PM116.txt	26/06/2024 14:16:44	16.8	3.41	0.58	38460.00	218.76	1.360544e+05	1.643899e+00	6.304069e+00	8.18	2.443385e-08	4410	5.916e-03
135kHz_100dA_100Mss_PM117.txt	26/06/2024 14:16:45	16.7	4.36	0.76	38460.00	215.65	1.360544e+05	1.620413e+00	6.309308e+00	10.08	3.056624e-08	4410	5.737e-03
135kHz_100dA_100Mss_PM118.txt	26/06/2024 14:16:45	16.7	8.73	1.50	38460.00	217.90	1.360544e+05	1.643506e+00	6.333876e+00	19.84	5.935007e-08	4410	5.920e-03
135kHz_100dA_100Mss_PM119.txt	26/06/2024 14:16:46	16.7	1.74	0.30	38460.00	219.35	1.360544e+05	1.633234e+00	6.295102e+00	4.64	1.394056e-08	4410	0.000e+00
135kHz_100dA_100Mss_PM120.txt	26/06/2024 14:16:46	16.7	16.67	2.75	38460.00	229.31	1.360544e+05	1.672614e+00	6.377628e+00	37.57	1.108099e-07	4410	6.131e-03
135kHz_100dA_100Mss_PM121.txt	26/06/2024 14:16:47	16.8	7.73	1.28	38460.00	224.01	1.360544e+05	1.703821e+00	6.326203e+00	17.45	5.035415e-08	4410	6.046e-03
135kHz_100dA_100Mss_PM122.txt	26/06/2024 14:16:47	16.8	5.60	0.97	38460.00	213.11	1.360544e+05	1.611520e+00	6.316231e+00	12.68	3.867179e-08	4410	5.756e-03
135kHz_100dA_100Mss_PM123.txt	26/06/2024 14:16:48	16.8	10.06	1.84	38460.00	201.50	1.360544e+05	1.518384e+00	6.346263e+00	22.80	7.388703e-08	4410	5.462e-03
135kHz_100dA_100Mss_PM124.txt	26/06/2024 14:16:48	16.8	4.89	0.78	38460.00	230.02	1.360544e+05	1.727024e+00	6.309830e+00	10.96	3.117660e-08	4410	6.220e-03
135kHz_100dA_100Mss_PM125.txt	26/06/2024 14:16:49	16.8	11.59	2.02	38460.00	214.80	1.360544e+05	1.626570e+00	6.349848e+00	25.81	7.809876e-08	4410	5.835e-03
135kHz_100dA_100Mss_PM126.txt	26/06/2024 14:16:49	16.8	11.89	2.13	38460.00	208.28	1.360544e+05	1.588964e+00	6.352343e+00	26.16	8.103095e-08	4410	5.727e-03
135kHz_100dA_100Mss_PM127.txt	26/06/2024 14:16:50	16.8	11.32	1.89	38460.00	220.08	1.360544e+05	1.680012e+00	6.346057e+00	25.15	7.364428e-08	4410	6.007e-03
135kHz_100dA_100Mss_PM128.txt	26/06/2024 14:16:50	16.8	6.12	1.03	38460.00	223.13	1.360544e+05	1.687285e+00	6.318701e+00	14.27	4.156410e-08	4410	5.947e-03
135kHz_100dA_100Mss_PM129.txt	26/06/2024 14:16:51	16.8	5.47	0.95	38460.00	214.03	1.360544e+05	1.620469e+00	6.316476e+00	12.85	3.895766e-08	4410	5.779e-03
135kHz_100dA_100Mss_PM130.txt	26/06/2024 14:16:51	16.8	0.18	0.03	38460.00	221.50	1.360544e+05	1.638952e+00	6.286041e+00	1.12	3.340877e-09	4410	5.945e-03
135kHz_100dA_100Mss_PM131.txt	26/06/2024 14:16:52	16.7	12.56	2.13	38460.00	224.34	1.360544e+05	1.688442e+00	6.353128e+00	28.11	8.195223e-08	4410	6.005e-03
135kHz_100dA_100Mss_PM132.txt	26/06/2024 14:16:52	16.7	8.32	1.38	38460.00	223.84	1.360544e+05	1.700817e+00	6.328500e+00	18.35	5.304547e-08	4410	6.031e-03
135kHz_100dA_100Mss_PM133.txt	26/06/2024 14:16:53	16.8	7.81	1.39	38460.00	208.40	1.360544e+05	1.584124e+00	6.329870e+00	17.61	5.465100e-08	4410	5.635e-03
135kHz_100dA_100Mss_PM134.txt	26/06/2024 14:16:54	16.8	9.97	1.67	38460.00	221.91	1.360544e+05	1.660743e+00	6.339830e+00	22.40	6.633349e-08	4410	5.946e-03
135kHz_100dA_100Mss_PM135.txt	26/06/2024 14:16:54	16.8	6.55	1.15	38460.00	214.40	1.360544e+05	1.628317e+00	6.322846e+00	15.38	4.641845e-08	4410	5.758e-03
135kHz_100dA_100Mss_PM136.txt	26/06/2024 14:16:55	16.8	9.46	1.56	38460.00	226.13	1.360544e+05	1.687233e+00	6.337032e+00	21.63	6.304925e-08	4410	6.122e-03
135kHz_100dA_100Mss_PM137.txt	26/06/2024 14:16:55	16.8	2.53	0.44	38460.00	215.73	1.360544e+05	1.625074e+00	6.300909e+00	6.86	2.073467e-08	4410	5.730e-03
135kHz_100dA_100Mss_PM138.txt	26/06/2024 14:16:56	16.8	1.99	0.34	38460.00	220.23	1.360544e+05	1.621817e+00	6.273943e+00	-3.57	-1.081190e-08	4410	5.867e-03
135kHz_100dA_100Mss_PM139.txt	26/06/2024 14:16:56	16.8	11.67	2.03	38460.00	215.09	1.360544e+05	1.634856e+00	6.350225e+00	26.09	7.854050e-08	4410	5.857e-03
135kHz_100dA_100Mss_PM140.txt	26/06/2024 14:16:57	16.8	3.01	0.52	38460.00	221.64	1.360544e+05	1.637045e+00	6.269210e+00	-5.45	-1.634879e-08	4410	5.810e-03
135kHz_100dA_100Mss_PM141.txt	26/06/2024 14:16:58	16.8	9.09	1.56	38460.00	216.90	1.360544e+05	1.658797e+00	6.335714e+00	20.75	6.150446e-08	4410	5.835e-03
135kHz_100dA_100Mss_PM142.txt	26/06/2024 14:16:58	16.8	2.42	0.43	38460.00	212.95	1.360544e+05	1.596837e+00	6.299909e+00	6.36	1.956427e-08	4410	5.666e-03
135kHz_100dA_100Mss_PM143.txt	26/06/2024 14:16:59	16.8	7.76	1.31	38460.00	220.07	1.360544e+05	1.672876e+00	6.325776e+00	16.97	4.985197e-08	4410	5.943e-03
135kHz_100dA_100Mss_PM144.txt	26/06/2024 14:16:59	16.8	13.11	2.25	38460.00	222.23	1.360544e+05	1.645382e+00	6.359287e+00	29.80	8.919420e-08	4410	5.850e-03
135kHz_100dA_100Mss_PM145.txt	26/06/2024 14:17:00	16.8	15.28	2.61	38460.00	219.84	1.360544e+05	1.633418e+00	6.371259e+00	34.23	1.032935e-07	4410	5.892e-03
135kHz_100dA_100Mss_PM146.txt	26/06/2024 14:17:00	16.8	9.94	1.69	38460.00	220.03	1.360544e+05	1.650604e+00	6.339990e+00	22.32	6.651954e-08	4410	5.830e-03
135kHz_100dA_100Mss_PM147.txt	26/06/2024 14:17:01	16.8	0.13	0.02	38460.00	226.16	1.360544e+05	1.675007e+00	6.284793e+00	0.64	1.880849e-09	4410	6.014e-03
135kHz_100dA_100Mss_PM148.txt	26/06/2024 14:17:01	16.8	12.94	2.16	38460.00	226.47	1.360544e+05	1.692990e+00	6.356147e+00	29.40	8.550052e-08	4410	6.136e-03
135kHz_100dA_100Mss_PM149.txt	26/06/2024 14:17:02	16.8	11.64	2.08	38460.00	209.80	1.360544e+05	1.596656e+00	6.352018e+00	26.16	8.064491e-08	4410	5.741e-03
135kHz_100dA_100Mss_PM150.txt	26/06/2024 14:17:02	16.8	6.66	1.10	38460.00	221.96	1.360544e+05	1.663153e+00	6.322222e+00	15.46	4.568707e-08	4410	6.025e-03
135kHz_100dA_100Mss_PM151.txt	26/06/2024 14:17:03	16.8	8.78	1.57	38460.00	210.21	1.360544e+05	1.592613e+00	6.336709e+00	20.30	6.266959e-08	4410	5.641e-03
135kHz_100dA_100Mss_PM152.txt	26/06/2024 14:17:04	16.8	2.82	0.46	38460.00	226.87	1.360544e+05	1.695099e+00	6.299902e+00	6.75	1.955614e-08	4410	6.115e-03
135kHz_100dA_100Mss_PM153.txt	26/06/2024 14:17:04	16.8	9.45	1.65	38460.00	213.50	1.360544e+05	1.599213e+00	6.340320e+00	21.75	6.690647e-08	4410	5.696e-03
135kHz_100dA_100Mss_PM154.txt	26/06/2024 14:17:05	16.8	6.13	1.03	38460.00	221.67	1.360544e+05	1.672682e+00	6.317582e+00	13.70	4.025120e-08	4410	5.993e-03
135kHz_100dA_100Mss_PM155.txt	26/06/2024 14:17:05	16.8	0.97	0.17	38460.00	212.50	1.360544e+05	1.573433e+00	6.279214e+00	-1.49	-4.644954e-09	4410	5.689e-03
135kHz_100dA_100Mss_PM156.txt	26/06/2024 14:17:06	16.9	1.75	0.29	38460.00	230.91	1.360544e+05	1.721635e+00	6.293323e+00	4.16	1.185896e-08	4410	6.117e-03
135kHz_100dA_100Mss_PM157.txt	26/06/2024 14:17:06	16.9	6.74	1.18	38460.00	211.61	1.360544e+05	1.602921e+00	6.322999e+00	15.20	4.659719e-08	4410	5.639e-03
135kHz_100dA_100Mss_PM158.txt	26/06/2024 14:17:07	16.9	4.41	0.73	38460.00	222.54	1.360544e+05	1.684511e+00	6.308929e+00	10.33	3.012046e-08	4410	6.023e-03
135kHz_100dA_100Mss_PM159.txt	26/06/2024 14:17:07	16.9	0.06	0.01	38460.00	227.23	1.360544e+05	1.688722e+00	6.284046e+00	0.35	1.006901e-09	4410	6.068e-03
135kHz_100dA_100Mss_PM160.txt	26/06/2024 14:17:08	16.9	8.68	1.45	38460.00	225.67	1.360544e+05	1.685429e+00	6.333490e+00	20.19	5.889320e-08	4410	6.020e-03
135kHz_100dA_100Mss_PM161.txt	26/06/2024 14:17:08	16.9	3.17	0.53	38460.00	227.00	1.360544e+05	1.700624e+00	6.301194e+00	7.30	2.106836e-08	4410	5.944e-03
135kHz_100dA_100Mss_PM162.txt	26/06/2024 14:17:09	16.9	8.75	1.51	38460.00	216.78	1.360544e+05	1.645306e+00	6.332725e+00	19.41	5.799664e-08	4410	5.760e-03
135kHz_100dA_100Mss_PM163.txt	26/06/2024 14:17:09	16.9	7.03	1.22	38460.00	211.47	1.360544e+05	1.608732e+00	6.324595e+00	15.87	4.846649e-08	4410	5.718e-03
135kHz_100dA_100Mss_PM164.txt	26/06/2024 14:17:10	16.9	13.94	2.45	38460.00	212.72	1.360544e+05	1.607904e+00	6.363792e+00	30.84	9.449530e-08	4410	5.782e-03
135kHz_100dA_100Mss_PM165.txt	26/06/2024 14:17:10	16.9	7.19	1.20	38460.00	217.36	1.360544e+05	1.655459e+00	6.324957e+00	16.47	4.888998e-08	4410	5.989e-03
135kHz_100dA_100Mss_PM166.txt	26/06/2024 14:17:11	16.9	4.97	0.86	38460.00	214.56	1.360544e+05	1.613563e+00	6.312330e+00	11.20	3.410096e-08	4410	5.708e-03
135kHz_100dA_100Mss_PM167.txt	26/06/2024 14:17:11	16.9	9.30	1.67	38460.00	212.53	1.360544e+05	1.601228e+00	6.338890e+00	21.24	6.522806e-08	4410	5.604e-03
135kHz_100dA_100Mss_PM168.txt	26/06/2024 14:17:12	16.9	4.24	0.73	38460.00	217.98	1.360544e+05	1.644184e+00	6.308385e+00	9.87	2.948382e-08	4410	5.825e-03
135kHz_100dA_100Mss_PM169.txt	26/06/2024 14:17:12	16.9	5.87	1.00	38460.00	217.45	1.360544e+05	1.649048e+00	6.317416e+00	13.44	4.005685e-08	4410	5.870e-03
135kHz_100dA_100Mss_PM170.txt	26/06/2024 14:17:13	16.9	5.41	0.95	38460.00	213.23	1.360544e+05	1.614715e+00	6.315422e+00	12.40	3.772106e-08	4410	5.709e-03
135kHz_100dA_100Mss_PM171.txt	26/06/2024 14:17:14	16.9	0.13	0.02	38460.00	209.84	1.360544e+05	1.567515e+00	6.286442e+00	1.22	3.808979e-09	4410	5.631e-03
135kHz_100dA_100Mss_PM172.txt	26/06/2024 14:17:14	16.9	5.44	0.95	38460.00	215.00	1.360544e+05	1.625575e+00	6.314478e+00	12.12	3.661655e-08	4410	5.735e-03
135kHz_100dA_100Mss_PM173.txt	26/06/2024 14:17:15	17.0	7.15	1.24	38460.00	216.59	1.360544e+05	1.642723e+00	6.325123e+00	16.41	4.908460e-08	4410	5.724e-03
135kHz_100dA_100Mss_PM174.txt	26/06/2024 14:17:15	17.0	7.73	1.36	38460.00	215.11	1.360544e+05	1.626080e+00	6.328195e+00	17.43	5.268556e-08	4410	5.692e-03
135kHz_100dA_100Mss_PM175.txt	26/06/2024 14:17:16	16.9	0.99	0.16	38460.00	221.29	1.360544e+05	1.633887e+00	6.279224e+00	-1.54	-4.633361e-09	4410	5.961e-03
135kHz_100dA_100Mss_PM176.txt	26/06/2024 14:17:16	16.9	2.14	0.39	38460.00	209.40	1.360544e+05	1.548070e+00	6.273298e+00	-3.65	-1.156603e-08	4410	5.526e-03
135kHz_100dA_100Mss_PM177.txt	26/06/2024 14:17:17	17.0	0.04	0.01	38460.00	221.51	1.360544e+05	1.635182e+00	6.283419e+00	0.09	2.736977e-10	4410	5.904e-03
135kHz_100dA_100Mss_PM178.txt	26/06/2024 14:17:17	17.0	2.53	0.43	38460.00	223.66	1.360544e+05	1.672191e+00	6.297715e+00	5.79	1.699717e-08	4410	5.879e-03
135kHz_100dA_100Mss_PM179.txt	26/06/2024 14:17:18	17.0	8.18	1.42	38460.00	213.49	1.360544e+05	1.628964e+00	6.330686e+00	18.43	5.560380e-08	4410	5.727e-03
135kHz_100dA_100Mss_PM180.txt	26/06/2024 14:17:18	17.0	7.46	1.40	38460.00	202.01	1.360544e+05	1.512334e+00	6.332376e+00	17.71	5.758597e-08	4410	5.325e-03
135kHz_100dA_100Mss_PM181.txt	26/06/2024 14:17:19	17.0	6.29	1.17	38460.00	199.35	1.360544e+05	1.502980e+00	6.326069e+00	15.35	5.019308e-08	4410	5.368e-03
135kHz_100dA_100Mss_PM182.txt	26/06/2024 14:17:19	17.0	4.11	0.72	38460.00	217.72	1.360544e+05	1.635906e+00	6.307493e+00	9.47	2.843845e-08	4410	5.733e-03
135kHz_100dA_100Mss_PM183.txt	26/06/2024 14:17:20	16.9	3.35	0.58	38460.00	217.87	1.360544e+05	1.636808e+00	6.304426e+00	8.28	2.484902e-08	4410	5.733e-03
135kHz_100dA_100Mss_PM184.txt	26/06/2024 14:17:20	16.9	12.20	2.17	38460.00	210.16	1.360544e+05	1.588316e+00	6.355254e+00	27.25	8.444626e-08	4410	5.698e-03
135kHz_100dA_100Mss_PM185.txt	26/06/2024 14:17:21	16.9	9.44	1.60	38460.00	218.01	1.360544e+05	1.643217e+00	6.338378e+00	21.59	6.462523e-08	4410	5.901e-03
135kHz_100dA_100Mss_PM186.txt	26/06/2024 14:17:21	16.9	8.43	1.42	38460.00	220.64	1.360544e+05	1.649700e+00	6.332903e+00	19.53	5.820347e-08	4410	5.938e-03
135kHz_100dA_100Mss_PM187.txt	26/06/2024 14:17:22	17.0	2.66	0.44	38460.00	230.00	1.360544e+05	1.714747e+00	6.299223e+00	6.55	1.876120e-08	4410	6.115e-03
135kHz_100dA_100Mss_PM188.txt	26/06/2024 14:17:22	17.0	4.10	0.72	38460.00	214.08	1.360544e+05	1.610413e+00	6.307971e+00	9.51	2.899733e-08	4410	5.647e-03
135kHz_100dA_100Mss_PM189.txt	26/06/2024 14:17:23	17.0	8.81	1.54	38460.00	211.52	1.360544e+05	1.584077e+00	6.337372e+00	20.44	6.344451e-08	4410	5.731e-03
135kHz_100dA_100Mss_PM190.txt	26/06/2024 14:17:24	17.0	6.71	1.15	38460.00	216.24	1.360544e+05	1.640733e+00	6.323060e+00	15.58	4.666616e-08	4410	5.882e-03
135kHz_100dA_100Mss_PM191.txt	26/06/2024 14:17:24	17.0	6.04	1.00	38460.00	221.58	1.360544e+05	1.682567e+00	6.317937e+00	13.93	4.066523e-08	4410	6.024e-03
135kHz_100dA_100Mss_PM192.txt	26/06/2024 14:17:25	17.0	5.55	0.96	38460.00	214.17	1.360544e+05	1.623252e+00	6.316493e+00	12.88	3.897449e-08	4410	5.749e-03
135kHz_100dA_100Mss_PM193.txt	26/06/2024 14:17:25	17.0	4.76	0.83	38460.00	217.49	1.360544e+05	1.586096e+00	6.257882e+00	-9.56	-2.960363e-08	4410	5.702e-03
135kHz_100dA_100Mss_PM194.txt	26/06/2024 14:17:26	17.0	6.09	1.01	38460.00	222.39	1.360544e+05	1.686985e+00	6.317618e+00	13.84	4.029206e-08	4410	6.009e-03
135kHz_100dA_100Mss_PM195.txt	26/06/2024 14:17:26	17.0	6.45	1.16	38460.00	212.52	1.360544e+05	1.570757e+00	6.324050e+00	15.29	4.782653e-08	4410	5.566e-03
135kHz_100dA_100Mss_PM196.txt	26/06/2024 14:17:27	17.0	11.98	2.15	38460.00	207.94	1.360544e+05	1.579014e+00	6.354424e+00	26.77	8.346836e-08	4410	5.695e-03
135kHz_100dA_100Mss_PM197.txt	26/06/2024 14:17:27	17.0	3.21	0.56	38460.00	213.23	1.360544e+05	1.609462e+00	6.303934e+00	7.95	2.427307e-08	4410	5.751e-03
135kHz_100dA_100Mss_PM198.txt	26/06/2024 14:17:28	17.0	10.60	1.77	38460.00	225.94	1.360544e+05	1.692366e+00	6.342368e+00	23.85	6.930658e-08	4410	6.001e-03
135kHz_100dA_100Mss_PM199.txt	26/06/2024 14:17:28	17.0	10.41	1.82	38460.00	214.45	1.360544e+05	1.613699e+00	6.344414e+00	23.52	7.170819e-08	4410	5.763e-03
135kHz_100dA_100Mss_PM200.txt	26/06/2024 14:17:29	17.0	7.70	1.36	38460.00	209.36	1.360544e+05	1.600620e+00	6.328980e+00	17.46	5.360334e-08	4410	5.684e-03
135kHz_100dA_100Mss_PM201.txt	26/06/2024 14:17:30	17.0	11.59	1.99	38460.00	218.64	1.360544e+05	1.627449e+00	6.350379e+00	26.03	7.871436e-08	4410	5.911e-03
135kHz_100dA_100Mss_PM202.txt	26/06/2024 14:17:30	17.0	3.58	0.61	38460.00	222.54	1.360544e+05	1.664491e+00	6.304563e+00	8.48	2.500945e-08	4410	5.860e-03
135kHz_100dA_100Mss_PM203.txt	26/06/2024 14:17:31	17.1	6.36	1.12	38460.00	211.51	1.360544e+05	1.610418e+00	6.321449e+00	14.68	4.477837e-08	4410	5.673e-03
135kHz_100dA_100Mss_PM204.txt	26/06/2024 14:17:31	17.1	5.08	0.88	38460.00	214.53	1.360544e+05	1.625738e+00	6.314399e+00	12.09	3.652204e-08	4410	5.754e-03
135kHz_100dA_100Mss_PM205.txt	26/06/2024 14:17:32	17.1	7.36	1.26	38460.00	221.64	1.360544e+05	1.673573e+00	6.325709e+00	16.95	4.976922e-08	4410	5.873e-03
135kHz_100dA_100Mss_PM206.txt	26/06/2024 14:17:32	17.1	7.07	1.26	38460.00	208.89	1.360544e+05	1.557327e+00	6.327851e+00	16.56	5.227860e-08	4410	5.632e-03
135kHz_100dA_100Mss_PM207.txt	26/06/2024 14:17:33	17.1	5.30	0.89	38460.00	222.06	1.360544e+05	1.675684e+00	6.313935e+00	12.27	3.597883e-08	4410	5.905e-03
135kHz_100dA_100Mss_PM208.txt	26/06/2024 14:17:33	17.1	7.61	1.26	38460.00	223.08	1.360544e+05	1.697049e+00	6.325420e+00	17.07	4.943100e-08	4410	6.050e-03
135kHz_100dA_100Mss_PM209.txt	26/06/2024 14:17:34	17.1	11.33	1.92	38460.00	221.58	1.360544e+05	1.660845e+00	6.347740e+00	25.52	7.561350e-08	4410	5.948e-03
135kHz_100dA_100Mss_PM210.txt	26/06/2024 14:17:34	17.1	6.71	1.13	38460.00	221.26	1.360544e+05	1.677445e+00	6.321807e+00	15.43	4.519748e-08	4410	5.907e-03
135kHz_100dA_100Mss_PM211.txt	26/06/2024 14:17:35	17.1	7.98	1.35	38460.00	218.98	1.360544e+05	1.660381e+00	6.328960e+00	18.10	5.357945e-08	4410	5.942e-03
135kHz_100dA_100Mss_PM212.txt	26/06/2024 14:17:35	17.1	11.23	2.03	38460.00	210.67	1.360544e+05	1.570978e+00	6.352007e+00	25.74	8.062634e-08	4410	5.641e-03
135kHz_100dA_100Mss_PM213.txt	26/06/2024 14:17:36	17.1	7.70	1.34	38460.00	214.24	1.360544e+05	1.614953e+00	6.329294e+00	17.73	5.397059e-08	4410	5.774e-03
135kHz_100dA_100Mss_PM214.txt	26/06/2024 14:17:36	17.1	5.18	0.89	38460.00	215.53	1.360544e+05	1.638796e+00	6.315935e+00	12.78	3.831987e-08	4410	5.806e-03
135kHz_100dA_100Mss_PM215.txt	26/06/2024 14:17:37	17.1	4.12	0.73	38460.00	210.82	1.360544e+05	1.593954e+00	6.310586e+00	10.40	3.205743e-08	4410	5.636e-03
