# Temperatura_=_16.77004830917874
# Concentracion g/m^3_=_10000.0
# C_Vs_to_Am_M_A/Vsm_=_254322799225.57578
# pendiente_HvsI_1/m_=_3716.3
# ordenada_HvsI_A/m_=_1297.0
# frecuencia_Hz_=_136070.4113917125
# Promedio de 207 ciclos

Tiempo_(s)	Campo_(V.s)	Magnetizacion_(V.s)	Campo_(kA/m)	Magnetizacion_(A/m)
0.000000e+00	-7.177096e-09	-7.943388e-10	-3.840181e+01	-2.109043e+02
1.000000e-08	-7.177001e-09	-7.941178e-10	-3.840133e+01	-2.108797e+02
2.000000e-08	-7.176389e-09	-7.945947e-10	-3.839808e+01	-2.108416e+02
3.000000e-08	-7.175170e-09	-7.951834e-10	-3.839158e+01	-2.107907e+02
4.000000e-08	-7.173470e-09	-7.957321e-10	-3.838250e+01	-2.107278e+02
5.000000e-08	-7.171341e-09	-7.958846e-10	-3.837114e+01	-2.106538e+02
6.000000e-08	-7.168721e-09	-7.952470e-10	-3.835714e+01	-2.105698e+02
7.000000e-08	-7.165643e-09	-7.945123e-10	-3.834069e+01	-2.104770e+02
8.000000e-08	-7.162047e-09	-7.961844e-10	-3.832149e+01	-2.103766e+02
9.000000e-08	-7.157610e-09	-7.964850e-10	-3.829780e+01	-2.102697e+02
1.000000e-07	-7.152042e-09	-7.847490e-10	-3.826807e+01	-2.101579e+02
1.100000e-07	-7.145571e-09	-7.768268e-10	-3.823346e+01	-2.100424e+02
1.200000e-07	-7.138975e-09	-7.967312e-10	-3.819815e+01	-2.099246e+02
1.300000e-07	-7.132408e-09	-8.079555e-10	-3.816301e+01	-2.098059e+02
1.400000e-07	-7.125236e-09	-7.858788e-10	-3.812467e+01	-2.096877e+02
1.500000e-07	-7.117309e-09	-7.761230e-10	-3.808228e+01	-2.095714e+02
1.600000e-07	-7.109023e-09	-8.006555e-10	-3.803794e+01	-2.094581e+02
1.700000e-07	-7.100566e-09	-8.117351e-10	-3.799271e+01	-2.093491e+02
1.800000e-07	-7.091523e-09	-7.859868e-10	-3.794436e+01	-2.092455e+02
1.900000e-07	-7.081779e-09	-7.768741e-10	-3.789225e+01	-2.091480e+02
2.000000e-07	-7.071670e-09	-8.044308e-10	-3.783817e+01	-2.090577e+02
2.100000e-07	-7.061313e-09	-8.119457e-10	-3.778277e+01	-2.089749e+02
2.200000e-07	-7.050276e-09	-7.841775e-10	-3.772376e+01	-2.089001e+02
2.300000e-07	-7.038507e-09	-7.834119e-10	-3.766081e+01	-2.088336e+02
2.400000e-07	-7.026387e-09	-8.089731e-10	-3.759596e+01	-2.087752e+02
2.500000e-07	-7.013817e-09	-8.023253e-10	-3.752873e+01	-2.087247e+02
2.600000e-07	-7.000501e-09	-7.800034e-10	-3.745752e+01	-2.086816e+02
2.700000e-07	-6.986610e-09	-7.960944e-10	-3.738322e+01	-2.086450e+02
2.800000e-07	-6.972387e-09	-8.112094e-10	-3.730714e+01	-2.086140e+02
2.900000e-07	-6.957632e-09	-7.832648e-10	-3.722823e+01	-2.085873e+02
3.000000e-07	-6.942305e-09	-7.764898e-10	-3.714624e+01	-2.085633e+02
3.100000e-07	-6.926587e-09	-8.005160e-10	-3.706216e+01	-2.085404e+02
3.200000e-07	-6.910405e-09	-7.895162e-10	-3.697560e+01	-2.085166e+02
3.300000e-07	-6.893520e-09	-7.692613e-10	-3.688529e+01	-2.084897e+02
3.400000e-07	-6.876154e-09	-7.921824e-10	-3.679239e+01	-2.084574e+02
3.500000e-07	-6.858446e-09	-8.055542e-10	-3.669766e+01	-2.084172e+02
3.600000e-07	-6.840207e-09	-7.769935e-10	-3.660010e+01	-2.083666e+02
3.700000e-07	-6.821402e-09	-7.739089e-10	-3.649950e+01	-2.083029e+02
3.800000e-07	-6.802149e-09	-7.986304e-10	-3.639651e+01	-2.082233e+02
3.900000e-07	-6.782248e-09	-7.843742e-10	-3.629006e+01	-2.081250e+02
4.000000e-07	-6.761606e-09	-7.633168e-10	-3.617965e+01	-2.080054e+02
4.100000e-07	-6.740422e-09	-7.874808e-10	-3.606632e+01	-2.078618e+02
4.200000e-07	-6.718797e-09	-7.957178e-10	-3.595064e+01	-2.076914e+02
4.300000e-07	-6.696700e-09	-7.704623e-10	-3.583243e+01	-2.074918e+02
4.400000e-07	-6.674196e-09	-7.823106e-10	-3.571203e+01	-2.072607e+02
4.500000e-07	-6.651230e-09	-7.995042e-10	-3.558918e+01	-2.069959e+02
4.600000e-07	-6.627658e-09	-7.725580e-10	-3.546308e+01	-2.066953e+02
4.700000e-07	-6.603579e-09	-7.657215e-10	-3.533426e+01	-2.063572e+02
4.800000e-07	-6.579110e-09	-7.890404e-10	-3.520336e+01	-2.059802e+02
4.900000e-07	-6.554192e-09	-7.748736e-10	-3.507005e+01	-2.055629e+02
5.000000e-07	-6.528814e-09	-7.582416e-10	-3.493428e+01	-2.051044e+02
5.100000e-07	-6.503007e-09	-7.785155e-10	-3.479622e+01	-2.046040e+02
5.200000e-07	-6.476642e-09	-7.774194e-10	-3.465519e+01	-2.040614e+02
5.300000e-07	-6.449692e-09	-7.542878e-10	-3.451101e+01	-2.034764e+02
5.400000e-07	-6.422296e-09	-7.608070e-10	-3.436444e+01	-2.028492e+02
5.500000e-07	-6.394481e-09	-7.657216e-10	-3.421563e+01	-2.021803e+02
5.600000e-07	-6.366192e-09	-7.492072e-10	-3.406429e+01	-2.014704e+02
5.700000e-07	-6.337495e-09	-7.489832e-10	-3.391075e+01	-2.007205e+02
5.800000e-07	-6.308393e-09	-7.542753e-10	-3.375507e+01	-1.999319e+02
5.900000e-07	-6.278775e-09	-7.442878e-10	-3.359662e+01	-1.991058e+02
6.000000e-07	-6.248594e-09	-7.407325e-10	-3.343517e+01	-1.982439e+02
6.100000e-07	-6.217909e-09	-7.413316e-10	-3.327101e+01	-1.973479e+02
6.200000e-07	-6.186718e-09	-7.314835e-10	-3.310414e+01	-1.964197e+02
6.300000e-07	-6.154995e-09	-7.278033e-10	-3.293444e+01	-1.954612e+02
6.400000e-07	-6.122725e-09	-7.290933e-10	-3.276180e+01	-1.944744e+02
6.500000e-07	-6.089996e-09	-7.231705e-10	-3.258670e+01	-1.934614e+02
6.600000e-07	-6.056879e-09	-7.191337e-10	-3.240951e+01	-1.924242e+02
6.700000e-07	-6.023376e-09	-7.179145e-10	-3.223027e+01	-1.913647e+02
6.800000e-07	-5.989494e-09	-7.109425e-10	-3.204900e+01	-1.902849e+02
6.900000e-07	-5.955230e-09	-7.067786e-10	-3.186569e+01	-1.891867e+02
7.000000e-07	-5.920567e-09	-7.047310e-10	-3.168023e+01	-1.880718e+02
7.100000e-07	-5.885523e-09	-6.979063e-10	-3.149274e+01	-1.869418e+02
7.200000e-07	-5.850112e-09	-6.935578e-10	-3.130328e+01	-1.857982e+02
7.300000e-07	-5.814273e-09	-6.935093e-10	-3.111155e+01	-1.846423e+02
7.400000e-07	-5.777946e-09	-6.891629e-10	-3.091721e+01	-1.834752e+02
7.500000e-07	-5.741175e-09	-6.834219e-10	-3.072048e+01	-1.822980e+02
7.600000e-07	-5.704012e-09	-6.793864e-10	-3.052166e+01	-1.811115e+02
7.700000e-07	-5.666446e-09	-6.744136e-10	-3.032068e+01	-1.799162e+02
7.800000e-07	-5.628480e-09	-6.695537e-10	-3.011756e+01	-1.787127e+02
7.900000e-07	-5.590130e-09	-6.656696e-10	-2.991238e+01	-1.775012e+02
8.000000e-07	-5.551362e-09	-6.611341e-10	-2.970498e+01	-1.762819e+02
8.100000e-07	-5.512111e-09	-6.569340e-10	-2.949499e+01	-1.750548e+02
8.200000e-07	-5.472384e-09	-6.527211e-10	-2.928245e+01	-1.738198e+02
8.300000e-07	-5.432257e-09	-6.475118e-10	-2.906776e+01	-1.725767e+02
8.400000e-07	-5.391779e-09	-6.429120e-10	-2.885119e+01	-1.713252e+02
8.500000e-07	-5.350938e-09	-6.380334e-10	-2.863269e+01	-1.700648e+02
8.600000e-07	-5.309740e-09	-6.324318e-10	-2.841227e+01	-1.687953e+02
8.700000e-07	-5.268211e-09	-6.284590e-10	-2.819007e+01	-1.675160e+02
8.800000e-07	-5.226328e-09	-6.253347e-10	-2.796599e+01	-1.662265e+02
8.900000e-07	-5.184038e-09	-6.200476e-10	-2.773974e+01	-1.649264e+02
9.000000e-07	-5.141319e-09	-6.142986e-10	-2.751120e+01	-1.636152e+02
9.100000e-07	-5.098182e-09	-6.092866e-10	-2.728041e+01	-1.622925e+02
9.200000e-07	-5.054664e-09	-6.038264e-10	-2.704758e+01	-1.609579e+02
9.300000e-07	-5.010790e-09	-5.981891e-10	-2.681284e+01	-1.596110e+02
9.400000e-07	-4.966581e-09	-5.940059e-10	-2.657631e+01	-1.582518e+02
9.500000e-07	-4.922038e-09	-5.898382e-10	-2.633800e+01	-1.568799e+02
9.600000e-07	-4.877146e-09	-5.849676e-10	-2.609781e+01	-1.554953e+02
9.700000e-07	-4.831873e-09	-5.799728e-10	-2.585561e+01	-1.540980e+02
9.800000e-07	-4.786161e-09	-5.746576e-10	-2.561105e+01	-1.526881e+02
9.900000e-07	-4.740002e-09	-5.681418e-10	-2.536410e+01	-1.512656e+02
1.000000e-06	-4.693478e-09	-5.617302e-10	-2.511518e+01	-1.498309e+02
1.010000e-06	-4.646641e-09	-5.564649e-10	-2.486459e+01	-1.483842e+02
1.020000e-06	-4.599487e-09	-5.518884e-10	-2.461231e+01	-1.469259e+02
1.030000e-06	-4.552021e-09	-5.473436e-10	-2.435835e+01	-1.454563e+02
1.040000e-06	-4.504249e-09	-5.427927e-10	-2.410276e+01	-1.439759e+02
1.050000e-06	-4.456149e-09	-5.376323e-10	-2.384541e+01	-1.424851e+02
1.060000e-06	-4.407685e-09	-5.316244e-10	-2.358612e+01	-1.409845e+02
1.070000e-06	-4.358840e-09	-5.253448e-10	-2.332479e+01	-1.394744e+02
1.080000e-06	-4.309629e-09	-5.192010e-10	-2.306150e+01	-1.379554e+02
1.090000e-06	-4.260092e-09	-5.130716e-10	-2.279646e+01	-1.364279e+02
1.100000e-06	-4.210264e-09	-5.074077e-10	-2.252987e+01	-1.348924e+02
1.110000e-06	-4.160165e-09	-5.025299e-10	-2.226182e+01	-1.333492e+02
1.120000e-06	-4.109799e-09	-4.976583e-10	-2.199234e+01	-1.317987e+02
1.130000e-06	-4.059177e-09	-4.923177e-10	-2.172149e+01	-1.302412e+02
1.140000e-06	-4.008301e-09	-4.862886e-10	-2.144928e+01	-1.286770e+02
1.150000e-06	-3.957159e-09	-4.797401e-10	-2.117565e+01	-1.271063e+02
1.160000e-06	-3.905734e-09	-4.733433e-10	-2.090051e+01	-1.255291e+02
1.170000e-06	-3.854008e-09	-4.676194e-10	-2.062376e+01	-1.239456e+02
1.180000e-06	-3.801970e-09	-4.616724e-10	-2.034535e+01	-1.223558e+02
1.190000e-06	-3.749620e-09	-4.553897e-10	-2.006527e+01	-1.207596e+02
1.200000e-06	-3.696961e-09	-4.494492e-10	-1.978353e+01	-1.191571e+02
1.210000e-06	-3.644008e-09	-4.439646e-10	-1.950021e+01	-1.175480e+02
1.220000e-06	-3.590815e-09	-4.380634e-10	-1.921560e+01	-1.159323e+02
1.230000e-06	-3.537415e-09	-4.317994e-10	-1.892989e+01	-1.143098e+02
1.240000e-06	-3.483783e-09	-4.254170e-10	-1.864295e+01	-1.126802e+02
1.250000e-06	-3.429898e-09	-4.189822e-10	-1.835464e+01	-1.110434e+02
1.260000e-06	-3.375776e-09	-4.125920e-10	-1.806507e+01	-1.093991e+02
1.270000e-06	-3.321434e-09	-4.064760e-10	-1.777431e+01	-1.077472e+02
1.280000e-06	-3.266861e-09	-4.003459e-10	-1.748233e+01	-1.060875e+02
1.290000e-06	-3.212051e-09	-3.943679e-10	-1.718908e+01	-1.044198e+02
1.300000e-06	-3.156984e-09	-3.881248e-10	-1.689446e+01	-1.027439e+02
1.310000e-06	-3.101629e-09	-3.813264e-10	-1.659831e+01	-1.010598e+02
1.320000e-06	-3.045988e-09	-3.754449e-10	-1.630062e+01	-9.936737e+01
1.330000e-06	-2.990080e-09	-3.694852e-10	-1.600150e+01	-9.766661e+01
1.340000e-06	-2.933908e-09	-3.622652e-10	-1.570096e+01	-9.595752e+01
1.350000e-06	-2.877487e-09	-3.557399e-10	-1.539908e+01	-9.424017e+01
1.360000e-06	-2.820840e-09	-3.496373e-10	-1.509600e+01	-9.251465e+01
1.370000e-06	-2.763967e-09	-3.424378e-10	-1.479172e+01	-9.078111e+01
1.380000e-06	-2.706878e-09	-3.357610e-10	-1.448628e+01	-8.903973e+01
1.390000e-06	-2.649583e-09	-3.300570e-10	-1.417974e+01	-8.729073e+01
1.400000e-06	-2.592077e-09	-3.233559e-10	-1.387207e+01	-8.553435e+01
1.410000e-06	-2.534370e-09	-3.162427e-10	-1.356332e+01	-8.377088e+01
1.420000e-06	-2.476478e-09	-3.102521e-10	-1.325357e+01	-8.200061e+01
1.430000e-06	-2.418395e-09	-3.038985e-10	-1.294281e+01	-8.022385e+01
1.440000e-06	-2.360134e-09	-2.964135e-10	-1.263109e+01	-7.844091e+01
1.450000e-06	-2.301722e-09	-2.894018e-10	-1.231856e+01	-7.665213e+01
1.460000e-06	-2.243165e-09	-2.830394e-10	-1.200525e+01	-7.485782e+01
1.470000e-06	-2.184458e-09	-2.763932e-10	-1.169113e+01	-7.305829e+01
1.480000e-06	-2.125603e-09	-2.698861e-10	-1.137623e+01	-7.125383e+01
1.490000e-06	-2.066607e-09	-2.632982e-10	-1.106057e+01	-6.944472e+01
1.500000e-06	-2.007480e-09	-2.561411e-10	-1.074420e+01	-6.763121e+01
1.510000e-06	-1.948233e-09	-2.493376e-10	-1.042721e+01	-6.581354e+01
1.520000e-06	-1.888881e-09	-2.427220e-10	-1.010965e+01	-6.399190e+01
1.530000e-06	-1.829429e-09	-2.351158e-10	-9.791550e+00	-6.216647e+01
1.540000e-06	-1.769874e-09	-2.274034e-10	-9.472902e+00	-6.033740e+01
1.550000e-06	-1.710220e-09	-2.209175e-10	-9.153720e+00	-5.850480e+01
1.560000e-06	-1.650466e-09	-2.149206e-10	-8.834011e+00	-5.666879e+01
1.570000e-06	-1.590608e-09	-2.086701e-10	-8.513739e+00	-5.482942e+01
1.580000e-06	-1.530635e-09	-2.023713e-10	-8.192857e+00	-5.298677e+01
1.590000e-06	-1.470543e-09	-1.954443e-10	-7.871341e+00	-5.114087e+01
1.600000e-06	-1.410331e-09	-1.875430e-10	-7.549185e+00	-4.929177e+01
1.610000e-06	-1.350001e-09	-1.797202e-10	-7.226395e+00	-4.743949e+01
1.620000e-06	-1.289558e-09	-1.724552e-10	-6.903000e+00	-4.558407e+01
1.630000e-06	-1.229012e-09	-1.648709e-10	-6.579048e+00	-4.372555e+01
1.640000e-06	-1.168371e-09	-1.574855e-10	-6.254594e+00	-4.186397e+01
1.650000e-06	-1.107654e-09	-1.514079e-10	-5.929726e+00	-3.999942e+01
1.660000e-06	-1.046871e-09	-1.459521e-10	-5.604515e+00	-3.813196e+01
1.670000e-06	-9.860276e-10	-1.393615e-10	-5.278978e+00	-3.626172e+01
1.680000e-06	-9.251258e-10	-1.317637e-10	-4.953128e+00	-3.438883e+01
1.690000e-06	-8.641630e-10	-1.241737e-10	-4.626954e+00	-3.251344e+01
1.700000e-06	-8.031317e-10	-1.166768e-10	-4.300415e+00	-3.063576e+01
1.710000e-06	-7.420234e-10	-1.093975e-10	-3.973463e+00	-2.875600e+01
1.720000e-06	-6.808423e-10	-1.020831e-10	-3.646125e+00	-2.687442e+01
1.730000e-06	-6.195956e-10	-9.463045e-11	-3.318442e+00	-2.499128e+01
1.740000e-06	-5.582860e-10	-8.777871e-11	-2.990421e+00	-2.310690e+01
1.750000e-06	-4.969201e-10	-8.182196e-11	-2.662094e+00	-2.122158e+01
1.760000e-06	-4.355042e-10	-7.571666e-11	-2.333496e+00	-1.933567e+01
1.770000e-06	-3.740465e-10	-6.852704e-11	-2.004678e+00	-1.744951e+01
1.780000e-06	-3.125616e-10	-6.049310e-11	-1.675712e+00	-1.556346e+01
1.790000e-06	-2.510653e-10	-5.275741e-11	-1.346683e+00	-1.367787e+01
1.800000e-06	-1.895710e-10	-4.568120e-11	-1.017666e+00	-1.179309e+01
1.810000e-06	-1.280864e-10	-3.861336e-11	-6.887022e-01	-9.909468e+00
1.820000e-06	-6.660858e-11	-3.136757e-11	-3.597741e-01	-8.027312e+00
1.830000e-06	-5.133811e-12	-2.441882e-11	-3.086525e-02	-6.146929e+00
1.840000e-06	5.634392e-11	-1.792278e-11	2.980572e-01	-4.268589e+00
1.850000e-06	1.178290e-10	-1.150084e-11	6.270181e-01	-2.392534e+00
1.860000e-06	1.793176e-10	-4.506555e-12	9.560000e-01	-5.189717e-01
1.870000e-06	2.408039e-10	3.224442e-12	1.284971e+00	1.351931e+00
1.880000e-06	3.022793e-10	1.119372e-11	1.613887e+00	3.220044e+00
1.890000e-06	3.637342e-10	1.876474e-11	1.942697e+00	5.085279e+00
1.900000e-06	4.251616e-10	2.562151e-11	2.271358e+00	6.947588e+00
1.910000e-06	4.865513e-10	3.189254e-11	2.599815e+00	8.806964e+00
1.920000e-06	5.478914e-10	3.832139e-11	2.928006e+00	1.066344e+01
1.930000e-06	6.091694e-10	4.537402e-11	3.255864e+00	1.251707e+01
1.940000e-06	6.703731e-10	5.262126e-11	3.583326e+00	1.436795e+01
1.950000e-06	7.314992e-10	5.984956e-11	3.910376e+00	1.621620e+01
1.960000e-06	7.925474e-10	6.744217e-11	4.237010e+00	1.806197e+01
1.970000e-06	8.535197e-10	7.523590e-11	4.563238e+00	1.990541e+01
1.980000e-06	9.144254e-10	8.249798e-11	4.889109e+00	2.174667e+01
1.990000e-06	9.752692e-10	8.875793e-11	5.214649e+00	2.358593e+01
2.000000e-06	1.036048e-09	9.438585e-11	5.539840e+00	2.542335e+01
2.010000e-06	1.096759e-09	1.004309e-10	5.864669e+00	2.725908e+01
2.020000e-06	1.157395e-09	1.074180e-10	6.189105e+00	2.909324e+01
2.030000e-06	1.217945e-09	1.152704e-10	6.513080e+00	3.092595e+01
2.040000e-06	1.278401e-09	1.233319e-10	6.836554e+00	3.275729e+01
2.050000e-06	1.338756e-09	1.305496e-10	7.159490e+00	3.458730e+01
2.060000e-06	1.399002e-09	1.371676e-10	7.481837e+00	3.641600e+01
2.070000e-06	1.459129e-09	1.438351e-10	7.803548e+00	3.824335e+01
2.080000e-06	1.519134e-09	1.502784e-10	8.124608e+00	4.006929e+01
2.090000e-06	1.579022e-09	1.561950e-10	8.445041e+00	4.189372e+01
2.100000e-06	1.638798e-09	1.622978e-10	8.764877e+00	4.371646e+01
2.110000e-06	1.698471e-09	1.696643e-10	9.084159e+00	4.553733e+01
2.120000e-06	1.758048e-09	1.778041e-10	9.402933e+00	4.735609e+01
2.130000e-06	1.817532e-09	1.857792e-10	9.721209e+00	4.917248e+01
2.140000e-06	1.876918e-09	1.930825e-10	1.003896e+01	5.098619e+01
2.150000e-06	1.936194e-09	1.996480e-10	1.035613e+01	5.279690e+01
2.160000e-06	1.995347e-09	2.057246e-10	1.067264e+01	5.460424e+01
2.170000e-06	2.054369e-09	2.118404e-10	1.098844e+01	5.640787e+01
2.180000e-06	2.113251e-09	2.183565e-10	1.130350e+01	5.820739e+01
2.190000e-06	2.171987e-09	2.251911e-10	1.161778e+01	6.000242e+01
2.200000e-06	2.230574e-09	2.322596e-10	1.193125e+01	6.179258e+01
2.210000e-06	2.288997e-09	2.396097e-10	1.224385e+01	6.357750e+01
2.220000e-06	2.347249e-09	2.471825e-10	1.255554e+01	6.535682e+01
2.230000e-06	2.405322e-09	2.544161e-10	1.286626e+01	6.713019e+01
2.240000e-06	2.463203e-09	2.607088e-10	1.317596e+01	6.889729e+01
2.250000e-06	2.520888e-09	2.660800e-10	1.348460e+01	7.065783e+01
2.260000e-06	2.578382e-09	2.716142e-10	1.379223e+01	7.241154e+01
2.270000e-06	2.635690e-09	2.783557e-10	1.409886e+01	7.415819e+01
2.280000e-06	2.692803e-09	2.857493e-10	1.440444e+01	7.589759e+01
2.290000e-06	2.749715e-09	2.927133e-10	1.470894e+01	7.762955e+01
2.300000e-06	2.806417e-09	2.994346e-10	1.501232e+01	7.935397e+01
2.310000e-06	2.862906e-09	3.062018e-10	1.531457e+01	8.107072e+01
2.320000e-06	2.919179e-09	3.127966e-10	1.561566e+01	8.277975e+01
2.330000e-06	2.975215e-09	3.190522e-10	1.591548e+01	8.448101e+01
2.340000e-06	3.030996e-09	3.250031e-10	1.621393e+01	8.617447e+01
2.350000e-06	3.086504e-09	3.309435e-10	1.651093e+01	8.786015e+01
2.360000e-06	3.141733e-09	3.372422e-10	1.680643e+01	8.953804e+01
2.370000e-06	3.196691e-09	3.439584e-10	1.710049e+01	9.120818e+01
2.380000e-06	3.251394e-09	3.507052e-10	1.739318e+01	9.287059e+01
2.390000e-06	3.305851e-09	3.571115e-10	1.768456e+01	9.452531e+01
2.400000e-06	3.360074e-09	3.631699e-10	1.797468e+01	9.617234e+01
2.410000e-06	3.414068e-09	3.693365e-10	1.826358e+01	9.781171e+01
2.420000e-06	3.467832e-09	3.757144e-10	1.855125e+01	9.944342e+01
2.430000e-06	3.521362e-09	3.820041e-10	1.883768e+01	1.010674e+02
2.440000e-06	3.574660e-09	3.882147e-10	1.912285e+01	1.026837e+02
2.450000e-06	3.627727e-09	3.943243e-10	1.940680e+01	1.042922e+02
2.460000e-06	3.680547e-09	4.003591e-10	1.968942e+01	1.058929e+02
2.470000e-06	3.733089e-09	4.064738e-10	1.997055e+01	1.074855e+02
2.480000e-06	3.785322e-09	4.125131e-10	2.025004e+01	1.090701e+02
2.490000e-06	3.837235e-09	4.182495e-10	2.052780e+01	1.106463e+02
2.500000e-06	3.888838e-09	4.239352e-10	2.080390e+01	1.122141e+02
2.510000e-06	3.940150e-09	4.299748e-10	2.107845e+01	1.137732e+02
2.520000e-06	3.991186e-09	4.363436e-10	2.135152e+01	1.153233e+02
2.530000e-06	4.041956e-09	4.425658e-10	2.162318e+01	1.168644e+02
2.540000e-06	4.092462e-09	4.481886e-10	2.189342e+01	1.183960e+02
2.550000e-06	4.142705e-09	4.534364e-10	2.216224e+01	1.199181e+02
2.560000e-06	4.192692e-09	4.588843e-10	2.242970e+01	1.214302e+02
2.570000e-06	4.242424e-09	4.646408e-10	2.269580e+01	1.229321e+02
2.580000e-06	4.291880e-09	4.702376e-10	2.296042e+01	1.244237e+02
2.590000e-06	4.341004e-09	4.757351e-10	2.322327e+01	1.259047e+02
2.600000e-06	4.389754e-09	4.816033e-10	2.348410e+01	1.273748e+02
2.610000e-06	4.438131e-09	4.877097e-10	2.374294e+01	1.288340e+02
2.620000e-06	4.486159e-09	4.934723e-10	2.399992e+01	1.302819e+02
2.630000e-06	4.533864e-09	4.986857e-10	2.425518e+01	1.317185e+02
2.640000e-06	4.581263e-09	5.035558e-10	2.450879e+01	1.331438e+02
2.650000e-06	4.628351e-09	5.083688e-10	2.476075e+01	1.345575e+02
2.660000e-06	4.675115e-09	5.135099e-10	2.501097e+01	1.359596e+02
2.670000e-06	4.721531e-09	5.191002e-10	2.525932e+01	1.373502e+02
2.680000e-06	4.767553e-09	5.250400e-10	2.550556e+01	1.387292e+02
2.690000e-06	4.813150e-09	5.308178e-10	2.574953e+01	1.400968e+02
2.700000e-06	4.858341e-09	5.362474e-10	2.599132e+01	1.414528e+02
2.710000e-06	4.903163e-09	5.414094e-10	2.623114e+01	1.427976e+02
2.720000e-06	4.947648e-09	5.460304e-10	2.646917e+01	1.441310e+02
2.730000e-06	4.991802e-09	5.502122e-10	2.670542e+01	1.454533e+02
2.740000e-06	5.035613e-09	5.546024e-10	2.693984e+01	1.467646e+02
2.750000e-06	5.079096e-09	5.596842e-10	2.717251e+01	1.480651e+02
2.760000e-06	5.122257e-09	5.652445e-10	2.740346e+01	1.493547e+02
2.770000e-06	5.165047e-09	5.710390e-10	2.763241e+01	1.506337e+02
2.780000e-06	5.207404e-09	5.765103e-10	2.785904e+01	1.519022e+02
2.790000e-06	5.249326e-09	5.813645e-10	2.808335e+01	1.531603e+02
2.800000e-06	5.290857e-09	5.859487e-10	2.830556e+01	1.544080e+02
2.810000e-06	5.332027e-09	5.903021e-10	2.852585e+01	1.556454e+02
2.820000e-06	5.372836e-09	5.944234e-10	2.874421e+01	1.568726e+02
2.830000e-06	5.413287e-09	5.987649e-10	2.896065e+01	1.580895e+02
2.840000e-06	5.453389e-09	6.037674e-10	2.917523e+01	1.592960e+02
2.850000e-06	5.493105e-09	6.091964e-10	2.938773e+01	1.604922e+02
2.860000e-06	5.532360e-09	6.144791e-10	2.959777e+01	1.616780e+02
2.870000e-06	5.571133e-09	6.191893e-10	2.980522e+01	1.628531e+02
2.880000e-06	5.609467e-09	6.233814e-10	3.001032e+01	1.640176e+02
2.890000e-06	5.647401e-09	6.273985e-10	3.021329e+01	1.651711e+02
2.900000e-06	5.684948e-09	6.313901e-10	3.041419e+01	1.663135e+02
2.910000e-06	5.722127e-09	6.353413e-10	3.061313e+01	1.674446e+02
2.920000e-06	5.758962e-09	6.395755e-10	3.081022e+01	1.685641e+02
2.930000e-06	5.795414e-09	6.444590e-10	3.100527e+01	1.696718e+02
2.940000e-06	5.831395e-09	6.495740e-10	3.119779e+01	1.707675e+02
2.950000e-06	5.866891e-09	6.544660e-10	3.138771e+01	1.718508e+02
2.960000e-06	5.901966e-09	6.590479e-10	3.157538e+01	1.729214e+02
2.970000e-06	5.936652e-09	6.629386e-10	3.176097e+01	1.739792e+02
2.980000e-06	5.970941e-09	6.662896e-10	3.194444e+01	1.750239e+02
2.990000e-06	6.004847e-09	6.696773e-10	3.212586e+01	1.760552e+02
3.000000e-06	6.038394e-09	6.733677e-10	3.230537e+01	1.770730e+02
3.010000e-06	6.071540e-09	6.772136e-10	3.248273e+01	1.780769e+02
3.020000e-06	6.104228e-09	6.813600e-10	3.265763e+01	1.790668e+02
3.030000e-06	6.136448e-09	6.863105e-10	3.283003e+01	1.800426e+02
3.040000e-06	6.168201e-09	6.914566e-10	3.299994e+01	1.810041e+02
3.050000e-06	6.199489e-09	6.959661e-10	3.316735e+01	1.819511e+02
3.060000e-06	6.230336e-09	6.994113e-10	3.333240e+01	1.828836e+02
3.070000e-06	6.260753e-09	7.018482e-10	3.349515e+01	1.838015e+02
3.080000e-06	6.290673e-09	7.041461e-10	3.365524e+01	1.847047e+02
3.090000e-06	6.320038e-09	7.070625e-10	3.381236e+01	1.855932e+02
3.100000e-06	6.348900e-09	7.106726e-10	3.396679e+01	1.864670e+02
3.110000e-06	6.377326e-09	7.147880e-10	3.411889e+01	1.873260e+02
3.120000e-06	6.405311e-09	7.193342e-10	3.426863e+01	1.881702e+02
3.130000e-06	6.432859e-09	7.239874e-10	3.441604e+01	1.889996e+02
3.140000e-06	6.459997e-09	7.280777e-10	3.456125e+01	1.898144e+02
3.150000e-06	6.486658e-09	7.308706e-10	3.470390e+01	1.906143e+02
3.160000e-06	6.512756e-09	7.324593e-10	3.484354e+01	1.913996e+02
3.170000e-06	6.538353e-09	7.338887e-10	3.498051e+01	1.921701e+02
3.180000e-06	6.563521e-09	7.361262e-10	3.511518e+01	1.929259e+02
3.190000e-06	6.588257e-09	7.393945e-10	3.524753e+01	1.936670e+02
3.200000e-06	6.612578e-09	7.430670e-10	3.537767e+01	1.943934e+02
3.210000e-06	6.636515e-09	7.465988e-10	3.550575e+01	1.951050e+02
3.220000e-06	6.659982e-09	7.500313e-10	3.563133e+01	1.958018e+02
3.230000e-06	6.682869e-09	7.532568e-10	3.575380e+01	1.964838e+02
3.240000e-06	6.705239e-09	7.557563e-10	3.587350e+01	1.971510e+02
3.250000e-06	6.727161e-09	7.571494e-10	3.599080e+01	1.978033e+02
3.260000e-06	6.748619e-09	7.581345e-10	3.610563e+01	1.984406e+02
3.270000e-06	6.769564e-09	7.600551e-10	3.621770e+01	1.990629e+02
3.280000e-06	6.789902e-09	7.632197e-10	3.632653e+01	1.996702e+02
3.290000e-06	6.809595e-09	7.668617e-10	3.643190e+01	2.002622e+02
3.300000e-06	6.828734e-09	7.699622e-10	3.653431e+01	2.008391e+02
3.310000e-06	6.847397e-09	7.721264e-10	3.663417e+01	2.014007e+02
3.320000e-06	6.865592e-09	7.738561e-10	3.673154e+01	2.019470e+02
3.330000e-06	6.883353e-09	7.757094e-10	3.682657e+01	2.024780e+02
3.340000e-06	6.900671e-09	7.776047e-10	3.691925e+01	2.029935e+02
3.350000e-06	6.917434e-09	7.791397e-10	3.700896e+01	2.034936e+02
3.360000e-06	6.933639e-09	7.804500e-10	3.709567e+01	2.039782e+02
3.370000e-06	6.949382e-09	7.821624e-10	3.717991e+01	2.044474e+02
3.380000e-06	6.964668e-09	7.846313e-10	3.726170e+01	2.049011e+02
3.390000e-06	6.979486e-09	7.872150e-10	3.734100e+01	2.053393e+02
3.400000e-06	6.993867e-09	7.889597e-10	3.741795e+01	2.057621e+02
3.410000e-06	7.007739e-09	7.899538e-10	3.749218e+01	2.061694e+02
3.420000e-06	7.021009e-09	7.911168e-10	3.756319e+01	2.065613e+02
3.430000e-06	7.033751e-09	7.926807e-10	3.763137e+01	2.069377e+02
3.440000e-06	7.046030e-09	7.941003e-10	3.769708e+01	2.072987e+02
3.450000e-06	7.057835e-09	7.949966e-10	3.776026e+01	2.076443e+02
3.460000e-06	7.069196e-09	7.956359e-10	3.782105e+01	2.079745e+02
3.470000e-06	7.080087e-09	7.968309e-10	3.787934e+01	2.082893e+02
3.480000e-06	7.090393e-09	7.985853e-10	3.793450e+01	2.085886e+02
3.490000e-06	7.100128e-09	8.000843e-10	3.798660e+01	2.088724e+02
3.500000e-06	7.109380e-09	8.009774e-10	3.803610e+01	2.091407e+02
3.510000e-06	7.118154e-09	8.017361e-10	3.808306e+01	2.093933e+02
3.520000e-06	7.126467e-09	8.027582e-10	3.812755e+01	2.096303e+02
3.530000e-06	7.134360e-09	8.037356e-10	3.816979e+01	2.098515e+02
3.540000e-06	7.141782e-09	8.042916e-10	3.820952e+01	2.100568e+02
3.550000e-06	7.148664e-09	8.045519e-10	3.824636e+01	2.102462e+02
3.560000e-06	7.154991e-09	8.049681e-10	3.828023e+01	2.104194e+02
3.570000e-06	7.160751e-09	8.057287e-10	3.831106e+01	2.105765e+02
3.580000e-06	7.165966e-09	8.066395e-10	3.833898e+01	2.107174e+02
3.590000e-06	7.170639e-09	8.073324e-10	3.836400e+01	2.108420e+02
3.600000e-06	7.174683e-09	8.077103e-10	3.838564e+01	2.109502e+02
3.610000e-06	7.178120e-09	8.081004e-10	3.840404e+01	2.110421e+02
3.620000e-06	7.181073e-09	8.084769e-10	3.841985e+01	2.111177e+02
3.630000e-06	7.183552e-09	8.086018e-10	3.843312e+01	2.111771e+02
3.640000e-06	7.185549e-09	8.086422e-10	3.844381e+01	2.112206e+02
3.650000e-06	7.187104e-09	8.085815e-10	3.845214e+01	2.112482e+02
3.660000e-06	7.188139e-09	8.083334e-10	3.845769e+01	2.112605e+02
3.670000e-06	7.188561e-09	8.084383e-10	3.845996e+01	2.112577e+02
3.680000e-06	7.188457e-09	8.086947e-10	3.845941e+01	2.112403e+02
3.690000e-06	7.187882e-09	8.085356e-10	3.845634e+01	2.112090e+02
3.700000e-06	7.186827e-09	8.083817e-10	3.845071e+01	2.111645e+02
3.710000e-06	7.185341e-09	8.083368e-10	3.844277e+01	2.111076e+02
3.720000e-06	7.183399e-09	8.083069e-10	3.843239e+01	2.110391e+02
3.730000e-06	7.180879e-09	8.080728e-10	3.841891e+01	2.109601e+02
3.740000e-06	7.177829e-09	8.065430e-10	3.840260e+01	2.108717e+02
3.750000e-06	7.174348e-09	8.009717e-10	3.838398e+01	2.107749e+02
3.760000e-06	7.170263e-09	7.996826e-10	3.836216e+01	2.106712e+02
3.770000e-06	7.165136e-09	8.139868e-10	3.833476e+01	2.105617e+02
3.780000e-06	7.158911e-09	8.159080e-10	3.830147e+01	2.104479e+02
3.790000e-06	7.152339e-09	7.928538e-10	3.826628e+01	2.103310e+02
3.800000e-06	7.145912e-09	7.914427e-10	3.823188e+01	2.102126e+02
3.810000e-06	7.139234e-09	8.137677e-10	3.819617e+01	2.100940e+02
3.820000e-06	7.131712e-09	8.117206e-10	3.815594e+01	2.099765e+02
3.830000e-06	7.123566e-09	7.852071e-10	3.811235e+01	2.098615e+02
3.840000e-06	7.115380e-09	7.832782e-10	3.806854e+01	2.097501e+02
3.850000e-06	7.106900e-09	8.084720e-10	3.802318e+01	2.096436e+02
3.860000e-06	7.097415e-09	8.073110e-10	3.797246e+01	2.095428e+02
3.870000e-06	7.087158e-09	7.795026e-10	3.791758e+01	2.094487e+02
3.880000e-06	7.076744e-09	7.800461e-10	3.786186e+01	2.093619e+02
3.890000e-06	7.065996e-09	8.070548e-10	3.780437e+01	2.092830e+02
3.900000e-06	7.054417e-09	8.024066e-10	3.774245e+01	2.092122e+02
3.910000e-06	7.042255e-09	7.788464e-10	3.767738e+01	2.091496e+02
3.920000e-06	7.029849e-09	7.895895e-10	3.761101e+01	2.090951e+02
3.930000e-06	7.016809e-09	8.105162e-10	3.754126e+01	2.090482e+02
3.940000e-06	7.002990e-09	7.929962e-10	3.746734e+01	2.090084e+02
3.950000e-06	6.988818e-09	7.745901e-10	3.739150e+01	2.089747e+02
3.960000e-06	6.974429e-09	7.990206e-10	3.731453e+01	2.089459e+02
3.970000e-06	6.959329e-09	8.087771e-10	3.723377e+01	2.089207e+02
3.980000e-06	6.943498e-09	7.790916e-10	3.714907e+01	2.088975e+02
3.990000e-06	6.927353e-09	7.779055e-10	3.706268e+01	2.088743e+02
4.000000e-06	6.910856e-09	8.023458e-10	3.697442e+01	2.088493e+02
4.010000e-06	6.893746e-09	7.878436e-10	3.688288e+01	2.088200e+02
4.020000e-06	6.876168e-09	7.659348e-10	3.678883e+01	2.087841e+02
4.030000e-06	6.858265e-09	7.887512e-10	3.669305e+01	2.087392e+02
4.040000e-06	6.839848e-09	8.000580e-10	3.659453e+01	2.086825e+02
4.050000e-06	6.820890e-09	7.715182e-10	3.649311e+01	2.086113e+02
4.060000e-06	6.801467e-09	7.722382e-10	3.638920e+01	2.085229e+02
4.070000e-06	6.781419e-09	7.979301e-10	3.628195e+01	2.084146e+02
4.080000e-06	6.760731e-09	7.818841e-10	3.617128e+01	2.082836e+02
4.090000e-06	6.739470e-09	7.640219e-10	3.605754e+01	2.081272e+02
4.100000e-06	6.717663e-09	7.908305e-10	3.594087e+01	2.079428e+02
4.110000e-06	6.695356e-09	7.919612e-10	3.582153e+01	2.077281e+02
4.120000e-06	6.672599e-09	7.641659e-10	3.569978e+01	2.074808e+02
4.130000e-06	6.649360e-09	7.793155e-10	3.557545e+01	2.071987e+02
4.140000e-06	6.625662e-09	7.957539e-10	3.544866e+01	2.068800e+02
4.150000e-06	6.601596e-09	7.689092e-10	3.531991e+01	2.065231e+02
4.160000e-06	6.577012e-09	7.687206e-10	3.518839e+01	2.061265e+02
4.170000e-06	6.551813e-09	7.920073e-10	3.505357e+01	2.056892e+02
4.180000e-06	6.526138e-09	7.719863e-10	3.491620e+01	2.052103e+02
4.190000e-06	6.500048e-09	7.598830e-10	3.477662e+01	2.046893e+02
4.200000e-06	6.473476e-09	7.842983e-10	3.463445e+01	2.041259e+02
4.210000e-06	6.446431e-09	7.749361e-10	3.448976e+01	2.035203e+02
4.220000e-06	6.418893e-09	7.564675e-10	3.434244e+01	2.028726e+02
4.230000e-06	6.390785e-09	7.737779e-10	3.419206e+01	2.021836e+02
4.240000e-06	6.362160e-09	7.720784e-10	3.403891e+01	2.014540e+02
4.250000e-06	6.333153e-09	7.536284e-10	3.388371e+01	2.006850e+02
4.260000e-06	6.303744e-09	7.590696e-10	3.372636e+01	1.998778e+02
4.270000e-06	6.273892e-09	7.576151e-10	3.356664e+01	1.990340e+02
4.280000e-06	6.243561e-09	7.473467e-10	3.340437e+01	1.981552e+02
4.290000e-06	6.212694e-09	7.518221e-10	3.323923e+01	1.972432e+02
4.300000e-06	6.181269e-09	7.461364e-10	3.307110e+01	1.963000e+02
4.310000e-06	6.149346e-09	7.356694e-10	3.290031e+01	1.953274e+02
4.320000e-06	6.116966e-09	7.386370e-10	3.272706e+01	1.943275e+02
4.330000e-06	6.084178e-09	7.324220e-10	3.255163e+01	1.933024e+02
4.340000e-06	6.051015e-09	7.232995e-10	3.237420e+01	1.922540e+02
4.350000e-06	6.017439e-09	7.283186e-10	3.219456e+01	1.911843e+02
4.360000e-06	5.983391e-09	7.227277e-10	3.201240e+01	1.900953e+02
4.370000e-06	5.948833e-09	7.119097e-10	3.182751e+01	1.889886e+02
4.380000e-06	5.913805e-09	7.153691e-10	3.164010e+01	1.878661e+02
4.390000e-06	5.878399e-09	7.118724e-10	3.145066e+01	1.867292e+02
4.400000e-06	5.842639e-09	6.996726e-10	3.125933e+01	1.855794e+02
4.410000e-06	5.806497e-09	6.984932e-10	3.106595e+01	1.844179e+02
4.420000e-06	5.769985e-09	6.963298e-10	3.087059e+01	1.832458e+02
4.430000e-06	5.733089e-09	6.880864e-10	3.067318e+01	1.820639e+02
4.440000e-06	5.695745e-09	6.858329e-10	3.047338e+01	1.808729e+02
4.450000e-06	5.657916e-09	6.832267e-10	3.027099e+01	1.796735e+02
4.460000e-06	5.619629e-09	6.764347e-10	3.006614e+01	1.784661e+02
4.470000e-06	5.580923e-09	6.720806e-10	2.985904e+01	1.772507e+02
4.480000e-06	5.541849e-09	6.677090e-10	2.964997e+01	1.760276e+02
4.490000e-06	5.502420e-09	6.623506e-10	2.943901e+01	1.747966e+02
4.500000e-06	5.462613e-09	6.582105e-10	2.922603e+01	1.735577e+02
4.510000e-06	5.422420e-09	6.519434e-10	2.901099e+01	1.723105e+02
4.520000e-06	5.381820e-09	6.462830e-10	2.879378e+01	1.710547e+02
4.530000e-06	5.340764e-09	6.434065e-10	2.857412e+01	1.697898e+02
4.540000e-06	5.299307e-09	6.381988e-10	2.835232e+01	1.685156e+02
4.550000e-06	5.257497e-09	6.313947e-10	2.812861e+01	1.672313e+02
4.560000e-06	5.215320e-09	6.275784e-10	2.790294e+01	1.659367e+02
4.570000e-06	5.172786e-09	6.234222e-10	2.767537e+01	1.646312e+02
4.580000e-06	5.129919e-09	6.172660e-10	2.744601e+01	1.633144e+02
4.590000e-06	5.086711e-09	6.121505e-10	2.721483e+01	1.619859e+02
4.600000e-06	5.043160e-09	6.075195e-10	2.698181e+01	1.606453e+02
4.610000e-06	4.999250e-09	6.008249e-10	2.674688e+01	1.592924e+02
4.620000e-06	4.954946e-09	5.944630e-10	2.650985e+01	1.579270e+02
4.630000e-06	4.910219e-09	5.902828e-10	2.627055e+01	1.565489e+02
4.640000e-06	4.865115e-09	5.856408e-10	2.602923e+01	1.551581e+02
4.650000e-06	4.819660e-09	5.793646e-10	2.578603e+01	1.537545e+02
4.660000e-06	4.773821e-09	5.739964e-10	2.554079e+01	1.523385e+02
4.670000e-06	4.727627e-09	5.694782e-10	2.529363e+01	1.509100e+02
4.680000e-06	4.681086e-09	5.639894e-10	2.504462e+01	1.494693e+02
4.690000e-06	4.634151e-09	5.576774e-10	2.479351e+01	1.480169e+02
4.700000e-06	4.586797e-09	5.515468e-10	2.454016e+01	1.465530e+02
4.710000e-06	4.539065e-09	5.455950e-10	2.428477e+01	1.450780e+02
4.720000e-06	4.490993e-09	5.396528e-10	2.402756e+01	1.435924e+02
4.730000e-06	4.442594e-09	5.341364e-10	2.376860e+01	1.420967e+02
4.740000e-06	4.393878e-09	5.287843e-10	2.350795e+01	1.405914e+02
4.750000e-06	4.344864e-09	5.228710e-10	2.324571e+01	1.390768e+02
4.760000e-06	4.295566e-09	5.167334e-10	2.298194e+01	1.375536e+02
4.770000e-06	4.245979e-09	5.112933e-10	2.271662e+01	1.360221e+02
4.780000e-06	4.196093e-09	5.058771e-10	2.244971e+01	1.344827e+02
4.790000e-06	4.145891e-09	4.997989e-10	2.218112e+01	1.329359e+02
4.800000e-06	4.095352e-09	4.934084e-10	2.191073e+01	1.313820e+02
4.810000e-06	4.044488e-09	4.873760e-10	2.163859e+01	1.298211e+02
4.820000e-06	3.993333e-09	4.814530e-10	2.136489e+01	1.282536e+02
4.830000e-06	3.941917e-09	4.753226e-10	2.108979e+01	1.266797e+02
4.840000e-06	3.890249e-09	4.688885e-10	2.081334e+01	1.250994e+02
4.850000e-06	3.838320e-09	4.625718e-10	2.053550e+01	1.235128e+02
4.860000e-06	3.786117e-09	4.567297e-10	2.025619e+01	1.219198e+02
4.870000e-06	3.733646e-09	4.511166e-10	1.997544e+01	1.203206e+02
4.880000e-06	3.680914e-09	4.452795e-10	1.969330e+01	1.187148e+02
4.890000e-06	3.627921e-09	4.393501e-10	1.940976e+01	1.171025e+02
4.900000e-06	3.574658e-09	4.329269e-10	1.912480e+01	1.154835e+02
4.910000e-06	3.521119e-09	4.259940e-10	1.883835e+01	1.138575e+02
4.920000e-06	3.467303e-09	4.193896e-10	1.855042e+01	1.122244e+02
4.930000e-06	3.413220e-09	4.131461e-10	1.826106e+01	1.105839e+02
4.940000e-06	3.358894e-09	4.066457e-10	1.797039e+01	1.089359e+02
4.950000e-06	3.304346e-09	4.003605e-10	1.767853e+01	1.072802e+02
4.960000e-06	3.249595e-09	3.947228e-10	1.738558e+01	1.056166e+02
4.970000e-06	3.194644e-09	3.891171e-10	1.709156e+01	1.039448e+02
4.980000e-06	3.139481e-09	3.830091e-10	1.679642e+01	1.022649e+02
4.990000e-06	3.084084e-09	3.761546e-10	1.650002e+01	1.005767e+02
5.000000e-06	3.028438e-09	3.686423e-10	1.620229e+01	9.888023e+01
5.010000e-06	2.972540e-09	3.614494e-10	1.590322e+01	9.717538e+01
5.020000e-06	2.916382e-09	3.552970e-10	1.560276e+01	9.546222e+01
5.030000e-06	2.859975e-09	3.492856e-10	1.530097e+01	9.374084e+01
5.040000e-06	2.803337e-09	3.429230e-10	1.499795e+01	9.201136e+01
5.050000e-06	2.746473e-09	3.366932e-10	1.469373e+01	9.027393e+01
5.060000e-06	2.689392e-09	3.304949e-10	1.438833e+01	8.852877e+01
5.070000e-06	2.632103e-09	3.235551e-10	1.408182e+01	8.677611e+01
5.080000e-06	2.574615e-09	3.161123e-10	1.377423e+01	8.501620e+01
5.090000e-06	2.516941e-09	3.086719e-10	1.346564e+01	8.324934e+01
5.100000e-06	2.459097e-09	3.017863e-10	1.315615e+01	8.147582e+01
5.110000e-06	2.401102e-09	2.955219e-10	1.284585e+01	7.969597e+01
5.120000e-06	2.342958e-09	2.896502e-10	1.253475e+01	7.791011e+01
5.130000e-06	2.284656e-09	2.833972e-10	1.222280e+01	7.611856e+01
5.140000e-06	2.226190e-09	2.765878e-10	1.190998e+01	7.432163e+01
5.150000e-06	2.167561e-09	2.696145e-10	1.159629e+01	7.251962e+01
5.160000e-06	2.108777e-09	2.622030e-10	1.128176e+01	7.071282e+01
5.170000e-06	2.049856e-09	2.547943e-10	1.096650e+01	6.890150e+01
5.180000e-06	1.990808e-09	2.475914e-10	1.065056e+01	6.708589e+01
5.190000e-06	1.931642e-09	2.402056e-10	1.033399e+01	6.526622e+01
5.200000e-06	1.872358e-09	2.331726e-10	1.001679e+01	6.344268e+01
5.210000e-06	1.812953e-09	2.272813e-10	9.698946e+00	6.161542e+01
5.220000e-06	1.753419e-09	2.213278e-10	9.380421e+00	5.978458e+01
5.230000e-06	1.693755e-09	2.144686e-10	9.061200e+00	5.795027e+01
5.240000e-06	1.633959e-09	2.073349e-10	8.741277e+00	5.611257e+01
5.250000e-06	1.574034e-09	1.996753e-10	8.420661e+00	5.427156e+01
5.260000e-06	1.513981e-09	1.917329e-10	8.099353e+00	5.242729e+01
5.270000e-06	1.453801e-09	1.844611e-10	7.777380e+00	5.057979e+01
5.280000e-06	1.393496e-09	1.774531e-10	7.454729e+00	4.872910e+01
5.290000e-06	1.333064e-09	1.700849e-10	7.131400e+00	4.687525e+01
5.300000e-06	1.272513e-09	1.632526e-10	6.807428e+00	4.501828e+01
5.310000e-06	1.211856e-09	1.574631e-10	6.482893e+00	4.315823e+01
5.320000e-06	1.151116e-09	1.510787e-10	6.157904e+00	4.129516e+01
5.330000e-06	1.090306e-09	1.433785e-10	5.832542e+00	3.942914e+01
5.340000e-06	1.029436e-09	1.352720e-10	5.506860e+00	3.756028e+01
5.350000e-06	9.685102e-10	1.272375e-10	5.180871e+00	3.568869e+01
5.360000e-06	9.075308e-10	1.196525e-10	4.854594e+00	3.381453e+01
5.370000e-06	8.464972e-10	1.127352e-10	4.528027e+00	3.193797e+01
5.380000e-06	7.854078e-10	1.058969e-10	4.201162e+00	3.005921e+01
5.390000e-06	7.242662e-10	9.899337e-11	3.874022e+00	2.817849e+01
5.400000e-06	6.630712e-10	9.259677e-11	3.546598e+00	2.629608e+01
5.410000e-06	6.018291e-10	8.630008e-11	3.218919e+00	2.441227e+01
5.420000e-06	5.405483e-10	7.919764e-11	2.891024e+00	2.252735e+01
5.430000e-06	4.792320e-10	7.115520e-11	2.562942e+00	2.064167e+01
5.440000e-06	4.178840e-10	6.297103e-11	2.234694e+00	1.875556e+01
5.450000e-06	3.565122e-10	5.537145e-11	1.906317e+00	1.686937e+01
5.460000e-06	2.951294e-10	4.833513e-11	1.577883e+00	1.498346e+01
5.470000e-06	2.337467e-10	4.158345e-11	1.249450e+00	1.309819e+01
5.480000e-06	1.723661e-10	3.495757e-11	9.210302e-01	1.121390e+01
5.490000e-06	1.109852e-10	2.837560e-11	5.926117e-01	9.330914e+00
5.500000e-06	4.960065e-11	2.169819e-11	2.641697e-01	7.449550e+00
5.510000e-06	-1.178883e-11	1.470404e-11	-6.429896e-02	5.570094e+00
5.520000e-06	-7.317954e-11	7.143811e-12	-3.927720e-01	3.692804e+00
5.530000e-06	-1.345703e-10	-8.298218e-13	-7.212461e-01	1.817904e+00
5.540000e-06	-1.959582e-10	-8.480075e-12	-1.049705e+00	-5.441591e-02
5.550000e-06	-2.573385e-10	-1.519463e-11	-1.378122e+00	-1.924008e+00
5.560000e-06	-3.187049e-10	-2.143993e-11	-1.706465e+00	-3.790762e+00
5.570000e-06	-3.800533e-10	-2.811306e-11	-2.034713e+00	-5.654609e+00
5.580000e-06	-4.413771e-10	-3.512262e-11	-2.362829e+00	-7.515522e+00
5.590000e-06	-5.026640e-10	-4.188602e-11	-2.690748e+00	-9.373509e+00
5.600000e-06	-5.639089e-10	-4.880114e-11	-3.018443e+00	-1.122862e+01
5.610000e-06	-6.251082e-10	-5.625347e-11	-3.345893e+00	-1.308093e+01
5.620000e-06	-6.862530e-10	-6.367236e-11	-3.673051e+00	-1.493055e+01
5.630000e-06	-7.473432e-10	-7.068908e-11	-3.999922e+00	-1.677760e+01
5.640000e-06	-8.083830e-10	-7.758474e-11	-4.326525e+00	-1.862224e+01
5.650000e-06	-8.693714e-10	-8.454448e-11	-4.652851e+00	-2.046463e+01
5.660000e-06	-9.303110e-10	-9.164108e-11	-4.978914e+00	-2.230493e+01
5.670000e-06	-9.911959e-10	-9.889444e-11	-5.304681e+00	-2.414330e+01
5.680000e-06	-1.052017e-09	-1.059405e-10	-5.630108e+00	-2.597991e+01
5.690000e-06	-1.112771e-09	-1.125299e-10	-5.955169e+00	-2.781488e+01
5.700000e-06	-1.173442e-09	-1.190069e-10	-6.279791e+00	-2.964835e+01
5.710000e-06	-1.234019e-09	-1.256220e-10	-6.603903e+00	-3.148041e+01
5.720000e-06	-1.294489e-09	-1.324417e-10	-6.927441e+00	-3.331113e+01
5.730000e-06	-1.354842e-09	-1.395776e-10	-7.250356e+00	-3.514053e+01
5.740000e-06	-1.415076e-09	-1.467633e-10	-7.572631e+00	-3.696861e+01
5.750000e-06	-1.475183e-09	-1.537927e-10	-7.894218e+00	-3.879532e+01
5.760000e-06	-1.535156e-09	-1.609632e-10	-8.215089e+00	-4.062056e+01
5.770000e-06	-1.595000e-09	-1.681212e-10	-8.535270e+00	-4.244422e+01
5.780000e-06	-1.654721e-09	-1.747532e-10	-8.854795e+00	-4.426610e+01
5.790000e-06	-1.714322e-09	-1.809540e-10	-9.173675e+00	-4.608600e+01
5.800000e-06	-1.773801e-09	-1.873353e-10	-9.491907e+00	-4.790368e+01
5.810000e-06	-1.833156e-09	-1.942401e-10	-9.809480e+00	-4.971883e+01
5.820000e-06	-1.892382e-09	-2.014613e-10	-1.012637e+01	-5.153115e+01
5.830000e-06	-1.951478e-09	-2.087314e-10	-1.044256e+01	-5.334029e+01
5.840000e-06	-2.010442e-09	-2.158124e-10	-1.075805e+01	-5.514590e+01
5.850000e-06	-2.069271e-09	-2.225733e-10	-1.107282e+01	-5.694760e+01
5.860000e-06	-2.127958e-09	-2.290194e-10	-1.138682e+01	-5.874501e+01
5.870000e-06	-2.186492e-09	-2.354226e-10	-1.170001e+01	-6.053775e+01
5.880000e-06	-2.244866e-09	-2.420366e-10	-1.201234e+01	-6.232544e+01
5.890000e-06	-2.303083e-09	-2.486272e-10	-1.232383e+01	-6.410771e+01
5.900000e-06	-2.361148e-09	-2.552450e-10	-1.263451e+01	-6.588420e+01
5.910000e-06	-2.419064e-09	-2.624049e-10	-1.294440e+01	-6.765458e+01
5.920000e-06	-2.476822e-09	-2.698495e-10	-1.325343e+01	-6.941855e+01
5.930000e-06	-2.534402e-09	-2.767515e-10	-1.356151e+01	-7.117583e+01
5.940000e-06	-2.591787e-09	-2.827715e-10	-1.386854e+01	-7.292616e+01
5.950000e-06	-2.648966e-09	-2.885238e-10	-1.417447e+01	-7.466933e+01
5.960000e-06	-2.705933e-09	-2.948454e-10	-1.447925e+01	-7.640515e+01
5.970000e-06	-2.762673e-09	-3.018256e-10	-1.478282e+01	-7.813348e+01
5.980000e-06	-2.819170e-09	-3.089707e-10	-1.508509e+01	-7.985420e+01
5.990000e-06	-2.875416e-09	-3.156737e-10	-1.538602e+01	-8.156723e+01
6.000000e-06	-2.931412e-09	-3.217002e-10	-1.568561e+01	-8.327250e+01
6.010000e-06	-2.987168e-09	-3.276667e-10	-1.598393e+01	-8.496999e+01
6.020000e-06	-3.042692e-09	-3.340776e-10	-1.628101e+01	-8.665969e+01
6.030000e-06	-3.097984e-09	-3.406061e-10	-1.657684e+01	-8.834160e+01
6.040000e-06	-3.153053e-09	-3.468833e-10	-1.687149e+01	-9.001574e+01
6.050000e-06	-3.207913e-09	-3.531446e-10	-1.716502e+01	-9.168214e+01
6.060000e-06	-3.262574e-09	-3.597865e-10	-1.745749e+01	-9.334082e+01
6.070000e-06	-3.317029e-09	-3.666788e-10	-1.774886e+01	-9.499182e+01
6.080000e-06	-3.371261e-09	-3.731797e-10	-1.803903e+01	-9.663514e+01
6.090000e-06	-3.425244e-09	-3.787820e-10	-1.832786e+01	-9.827081e+01
6.100000e-06	-3.478957e-09	-3.840479e-10	-1.861524e+01	-9.989880e+01
6.110000e-06	-3.532391e-09	-3.898417e-10	-1.890113e+01	-1.015191e+02
6.120000e-06	-3.585547e-09	-3.962456e-10	-1.918554e+01	-1.031316e+02
6.130000e-06	-3.638427e-09	-4.027569e-10	-1.946847e+01	-1.047363e+02
6.140000e-06	-3.691041e-09	-4.089630e-10	-1.974998e+01	-1.063331e+02
6.150000e-06	-3.743400e-09	-4.149346e-10	-2.003013e+01	-1.079219e+02
6.160000e-06	-3.795502e-09	-4.209618e-10	-2.030890e+01	-1.095024e+02
6.170000e-06	-3.847344e-09	-4.269976e-10	-2.058628e+01	-1.110746e+02
6.180000e-06	-3.898939e-09	-4.326354e-10	-2.086235e+01	-1.126381e+02
6.190000e-06	-3.950294e-09	-4.378430e-10	-2.113713e+01	-1.141929e+02
6.200000e-06	-4.001406e-09	-4.433418e-10	-2.141061e+01	-1.157387e+02
6.210000e-06	-4.052250e-09	-4.494078e-10	-2.168265e+01	-1.172753e+02
6.220000e-06	-4.102784e-09	-4.556820e-10	-2.195303e+01	-1.188023e+02
6.230000e-06	-4.152991e-09	-4.618638e-10	-2.222165e+01	-1.203195e+02
6.240000e-06	-4.202870e-09	-4.676462e-10	-2.248852e+01	-1.218267e+02
6.250000e-06	-4.252422e-09	-4.728576e-10	-2.275365e+01	-1.233237e+02
6.260000e-06	-4.301653e-09	-4.779758e-10	-2.301706e+01	-1.248102e+02
6.270000e-06	-4.350562e-09	-4.835278e-10	-2.327875e+01	-1.262859e+02
6.280000e-06	-4.399152e-09	-4.890878e-10	-2.353873e+01	-1.277507e+02
6.290000e-06	-4.447439e-09	-4.943332e-10	-2.379709e+01	-1.292044e+02
6.300000e-06	-4.495423e-09	-4.997917e-10	-2.405383e+01	-1.306469e+02
6.310000e-06	-4.543070e-09	-5.058010e-10	-2.430876e+01	-1.320780e+02
6.320000e-06	-4.590339e-09	-5.118621e-10	-2.456166e+01	-1.334977e+02
6.330000e-06	-4.637209e-09	-5.173434e-10	-2.481242e+01	-1.349058e+02
6.340000e-06	-4.683693e-09	-5.221404e-10	-2.506112e+01	-1.363023e+02
6.350000e-06	-4.729814e-09	-5.266950e-10	-2.530789e+01	-1.376873e+02
6.360000e-06	-4.775573e-09	-5.314866e-10	-2.555271e+01	-1.390607e+02
6.370000e-06	-4.820930e-09	-5.365745e-10	-2.579538e+01	-1.404227e+02
6.380000e-06	-4.865853e-09	-5.416673e-10	-2.603573e+01	-1.417732e+02
6.390000e-06	-4.910356e-09	-5.467955e-10	-2.627384e+01	-1.431125e+02
6.400000e-06	-4.954481e-09	-5.521771e-10	-2.650992e+01	-1.444405e+02
6.410000e-06	-4.998264e-09	-5.575929e-10	-2.674418e+01	-1.457575e+02
6.420000e-06	-5.041729e-09	-5.626880e-10	-2.697674e+01	-1.470635e+02
6.430000e-06	-5.084885e-09	-5.672759e-10	-2.720766e+01	-1.483587e+02
6.440000e-06	-5.127722e-09	-5.715220e-10	-2.743686e+01	-1.496432e+02
6.450000e-06	-5.170221e-09	-5.757586e-10	-2.766426e+01	-1.509171e+02
6.460000e-06	-5.212363e-09	-5.803025e-10	-2.788974e+01	-1.521805e+02
6.470000e-06	-5.254150e-09	-5.851544e-10	-2.811331e+01	-1.534335e+02
6.480000e-06	-5.295564e-09	-5.898857e-10	-2.833489e+01	-1.546762e+02
6.490000e-06	-5.336554e-09	-5.945801e-10	-2.855420e+01	-1.559087e+02
6.500000e-06	-5.377100e-09	-5.994190e-10	-2.877113e+01	-1.571308e+02
6.510000e-06	-5.417233e-09	-6.042977e-10	-2.898586e+01	-1.583427e+02
6.520000e-06	-5.456995e-09	-6.089405e-10	-2.919860e+01	-1.595443e+02
6.530000e-06	-5.496396e-09	-6.130757e-10	-2.940942e+01	-1.607354e+02
6.540000e-06	-5.535421e-09	-6.169264e-10	-2.961823e+01	-1.619160e+02
6.550000e-06	-5.574084e-09	-6.208911e-10	-2.982509e+01	-1.630860e+02
6.560000e-06	-5.612398e-09	-6.251183e-10	-3.003010e+01	-1.642452e+02
6.570000e-06	-5.650317e-09	-6.294492e-10	-3.023298e+01	-1.653934e+02
6.580000e-06	-5.687780e-09	-6.337905e-10	-3.043341e+01	-1.665303e+02
6.590000e-06	-5.724784e-09	-6.380162e-10	-3.063139e+01	-1.676558e+02
6.600000e-06	-5.761368e-09	-6.421553e-10	-3.082712e+01	-1.687697e+02
6.610000e-06	-5.797542e-09	-6.463522e-10	-3.102066e+01	-1.698715e+02
6.620000e-06	-5.833306e-09	-6.504427e-10	-3.121201e+01	-1.709612e+02
6.630000e-06	-5.868695e-09	-6.540271e-10	-3.140136e+01	-1.720384e+02
6.640000e-06	-5.903724e-09	-6.571939e-10	-3.158878e+01	-1.731029e+02
6.650000e-06	-5.938321e-09	-6.607705e-10	-3.177388e+01	-1.741543e+02
6.660000e-06	-5.972420e-09	-6.649761e-10	-3.195632e+01	-1.751925e+02
6.670000e-06	-6.006062e-09	-6.691167e-10	-3.213632e+01	-1.762173e+02
6.680000e-06	-6.039301e-09	-6.727698e-10	-3.231416e+01	-1.772283e+02
6.690000e-06	-6.072136e-09	-6.761973e-10	-3.248984e+01	-1.782255e+02
6.700000e-06	-6.104559e-09	-6.797499e-10	-3.266332e+01	-1.792086e+02
6.710000e-06	-6.136582e-09	-6.834100e-10	-3.283466e+01	-1.801774e+02
6.720000e-06	-6.168169e-09	-6.868079e-10	-3.300367e+01	-1.811319e+02
6.730000e-06	-6.199235e-09	-6.897047e-10	-3.316987e+01	-1.820719e+02
6.740000e-06	-6.229764e-09	-6.926156e-10	-3.333320e+01	-1.829973e+02
6.750000e-06	-6.259805e-09	-6.960160e-10	-3.349392e+01	-1.839081e+02
6.760000e-06	-6.289393e-09	-6.999218e-10	-3.365222e+01	-1.848041e+02
6.770000e-06	-6.318556e-09	-7.037121e-10	-3.380826e+01	-1.856855e+02
6.780000e-06	-6.347328e-09	-7.067161e-10	-3.396222e+01	-1.865520e+02
6.790000e-06	-6.375651e-09	-7.093407e-10	-3.411376e+01	-1.874038e+02
6.800000e-06	-6.403424e-09	-7.120582e-10	-3.426235e+01	-1.882409e+02
6.810000e-06	-6.430697e-09	-7.149381e-10	-3.440827e+01	-1.890632e+02
6.820000e-06	-6.457549e-09	-7.176334e-10	-3.455195e+01	-1.898707e+02
6.830000e-06	-6.483967e-09	-7.201157e-10	-3.469330e+01	-1.906635e+02
6.840000e-06	-6.509944e-09	-7.228795e-10	-3.483230e+01	-1.914416e+02
6.850000e-06	-6.535506e-09	-7.261950e-10	-3.496908e+01	-1.922050e+02
6.860000e-06	-6.560588e-09	-7.296345e-10	-3.510328e+01	-1.929536e+02
6.870000e-06	-6.585097e-09	-7.324633e-10	-3.523441e+01	-1.936876e+02
6.880000e-06	-6.609123e-09	-7.345386e-10	-3.536296e+01	-1.944068e+02
6.890000e-06	-6.632750e-09	-7.364409e-10	-3.548938e+01	-1.951112e+02
6.900000e-06	-6.655925e-09	-7.387315e-10	-3.561339e+01	-1.958009e+02
6.910000e-06	-6.678635e-09	-7.414582e-10	-3.573490e+01	-1.964757e+02
6.920000e-06	-6.700906e-09	-7.441353e-10	-3.585406e+01	-1.971356e+02
6.930000e-06	-6.722633e-09	-7.462692e-10	-3.597031e+01	-1.977807e+02
6.940000e-06	-6.743734e-09	-7.483959e-10	-3.608321e+01	-1.984107e+02
6.950000e-06	-6.764289e-09	-7.506542e-10	-3.619319e+01	-1.990257e+02
6.960000e-06	-6.784309e-09	-7.527349e-10	-3.630030e+01	-1.996255e+02
6.970000e-06	-6.803685e-09	-7.546078e-10	-3.640396e+01	-2.002103e+02
6.980000e-06	-6.822454e-09	-7.565482e-10	-3.650438e+01	-2.007797e+02
6.990000e-06	-6.840782e-09	-7.588091e-10	-3.660244e+01	-2.013339e+02
7.000000e-06	-6.858711e-09	-7.611804e-10	-3.669837e+01	-2.018727e+02
7.010000e-06	-6.876256e-09	-7.634442e-10	-3.679225e+01	-2.023962e+02
7.020000e-06	-6.893407e-09	-7.650135e-10	-3.688402e+01	-2.029042e+02
7.030000e-06	-6.910099e-09	-7.660532e-10	-3.697333e+01	-2.033968e+02
7.040000e-06	-6.926340e-09	-7.672155e-10	-3.706024e+01	-2.038740e+02
7.050000e-06	-6.942151e-09	-7.686599e-10	-3.714484e+01	-2.043356e+02
7.060000e-06	-6.957415e-09	-7.705241e-10	-3.722650e+01	-2.047818e+02
7.070000e-06	-6.972084e-09	-7.727717e-10	-3.730499e+01	-2.052125e+02
7.080000e-06	-6.986273e-09	-7.750780e-10	-3.738091e+01	-2.056278e+02
7.090000e-06	-6.999998e-09	-7.769361e-10	-3.745435e+01	-2.060276e+02
7.100000e-06	-7.013222e-09	-7.781129e-10	-3.752511e+01	-2.064119e+02
7.110000e-06	-7.025977e-09	-7.789740e-10	-3.759335e+01	-2.067809e+02
7.120000e-06	-7.038197e-09	-7.796656e-10	-3.765873e+01	-2.071344e+02
7.130000e-06	-7.049815e-09	-7.803885e-10	-3.772088e+01	-2.074725e+02
7.140000e-06	-7.060934e-09	-7.816545e-10	-3.778037e+01	-2.077952e+02
7.150000e-06	-7.071596e-09	-7.833168e-10	-3.783741e+01	-2.081025e+02
7.160000e-06	-7.081753e-09	-7.848111e-10	-3.789175e+01	-2.083942e+02
7.170000e-06	-7.091452e-09	-7.860333e-10	-3.794365e+01	-2.086705e+02
7.180000e-06	-7.100691e-09	-7.868991e-10	-3.799309e+01	-2.089312e+02
7.190000e-06	-7.109339e-09	-7.874591e-10	-3.803935e+01	-2.091762e+02
7.200000e-06	-7.117427e-09	-7.880163e-10	-3.808263e+01	-2.094055e+02
7.210000e-06	-7.125056e-09	-7.887030e-10	-3.812345e+01	-2.096190e+02
7.220000e-06	-7.132208e-09	-7.898453e-10	-3.816171e+01	-2.098166e+02
7.230000e-06	-7.138880e-09	-7.912252e-10	-3.819741e+01	-2.099981e+02
7.240000e-06	-7.145062e-09	-7.922050e-10	-3.823048e+01	-2.101635e+02
7.250000e-06	-7.150618e-09	-7.925332e-10	-3.826021e+01	-2.103127e+02
7.260000e-06	-7.155535e-09	-7.926310e-10	-3.828651e+01	-2.104457e+02
7.270000e-06	-7.159924e-09	-7.926990e-10	-3.830999e+01	-2.105623e+02
7.280000e-06	-7.163812e-09	-7.929140e-10	-3.833079e+01	-2.106626e+02
7.290000e-06	-7.167231e-09	-7.935805e-10	-3.834908e+01	-2.107465e+02
7.300000e-06	-7.170197e-09	-7.944276e-10	-3.836495e+01	-2.108143e+02
7.310000e-06	-7.172596e-09	-7.950895e-10	-3.837779e+01	-2.108659e+02
7.320000e-06	-7.174411e-09	-7.954879e-10	-3.838749e+01	-2.109016e+02
7.330000e-06	-7.175757e-09	-7.957675e-10	-3.839470e+01	-2.109218e+02
7.340000e-06	-7.176651e-09	-7.955733e-10	-3.839947e+01	-2.109266e+02
