# Temperatura_=_19.95573770491803
# Concentracion g/m^3_=_10000.0
# C_Vs_to_Am_M_A/Vsm_=_254322799225.57578
# pendiente_HvsI_1/m_=_3716.3
# ordenada_HvsI_A/m_=_1297.0
# frecuencia_Hz_=_136153.19596218583
# Promedio de 183 ciclos

Tiempo_(s)	Campo_(V.s)	Magnetizacion_(V.s)	Campo_(kA/m)	Magnetizacion_(A/m)
0.000000e+00	-7.127946e-09	-7.245871e-10	-3.841157e+01	-1.993404e+02
1.000000e-08	-7.127787e-09	-7.245451e-10	-3.841069e+01	-1.993359e+02
2.000000e-08	-7.127075e-09	-7.243149e-10	-3.840681e+01	-1.993231e+02
3.000000e-08	-7.125785e-09	-7.242046e-10	-3.839983e+01	-1.993024e+02
4.000000e-08	-7.124036e-09	-7.242007e-10	-3.839037e+01	-1.992741e+02
5.000000e-08	-7.121837e-09	-7.240232e-10	-3.837849e+01	-1.992389e+02
6.000000e-08	-7.119152e-09	-7.236697e-10	-3.836399e+01	-1.991971e+02
7.000000e-08	-7.116030e-09	-7.239211e-10	-3.834714e+01	-1.991493e+02
8.000000e-08	-7.112379e-09	-7.238428e-10	-3.832743e+01	-1.990961e+02
9.000000e-08	-7.107893e-09	-7.211500e-10	-3.830321e+01	-1.990380e+02
1.000000e-07	-7.102305e-09	-7.178911e-10	-3.827303e+01	-1.989758e+02
1.100000e-07	-7.095793e-09	-7.207461e-10	-3.823789e+01	-1.989099e+02
1.200000e-07	-7.089059e-09	-7.251066e-10	-3.820161e+01	-1.988411e+02
1.300000e-07	-7.082343e-09	-7.206441e-10	-3.816544e+01	-1.987701e+02
1.400000e-07	-7.075154e-09	-7.146967e-10	-3.812667e+01	-1.986975e+02
1.500000e-07	-7.067250e-09	-7.190982e-10	-3.808403e+01	-1.986239e+02
1.600000e-07	-7.058930e-09	-7.254381e-10	-3.803917e+01	-1.985501e+02
1.700000e-07	-7.050434e-09	-7.209843e-10	-3.799339e+01	-1.984766e+02
1.800000e-07	-7.041404e-09	-7.144864e-10	-3.794468e+01	-1.984040e+02
1.900000e-07	-7.031652e-09	-7.191454e-10	-3.789207e+01	-1.983329e+02
2.000000e-07	-7.021476e-09	-7.261717e-10	-3.783720e+01	-1.982635e+02
2.100000e-07	-7.011056e-09	-7.224357e-10	-3.778104e+01	-1.981964e+02
2.200000e-07	-7.000035e-09	-7.165842e-10	-3.772159e+01	-1.981317e+02
2.300000e-07	-6.988276e-09	-7.191389e-10	-3.765817e+01	-1.980696e+02
2.400000e-07	-6.976115e-09	-7.221259e-10	-3.759261e+01	-1.980101e+02
2.500000e-07	-6.963540e-09	-7.195527e-10	-3.752482e+01	-1.979530e+02
2.600000e-07	-6.950275e-09	-7.192413e-10	-3.745328e+01	-1.978981e+02
2.700000e-07	-6.936402e-09	-7.229224e-10	-3.737849e+01	-1.978450e+02
2.800000e-07	-6.922160e-09	-7.206100e-10	-3.730173e+01	-1.977929e+02
2.900000e-07	-6.907421e-09	-7.137416e-10	-3.722226e+01	-1.977411e+02
3.000000e-07	-6.892115e-09	-7.134343e-10	-3.713975e+01	-1.976887e+02
3.100000e-07	-6.876406e-09	-7.147323e-10	-3.705507e+01	-1.976345e+02
3.200000e-07	-6.860249e-09	-7.119856e-10	-3.696797e+01	-1.975773e+02
3.300000e-07	-6.843416e-09	-7.134939e-10	-3.687720e+01	-1.975156e+02
3.400000e-07	-6.826074e-09	-7.193322e-10	-3.678371e+01	-1.974477e+02
3.500000e-07	-6.808388e-09	-7.178589e-10	-3.668838e+01	-1.973719e+02
3.600000e-07	-6.790206e-09	-7.113370e-10	-3.659036e+01	-1.972865e+02
3.700000e-07	-6.771458e-09	-7.111393e-10	-3.648929e+01	-1.971893e+02
3.800000e-07	-6.752244e-09	-7.124720e-10	-3.638571e+01	-1.970783e+02
3.900000e-07	-6.732398e-09	-7.093151e-10	-3.627871e+01	-1.969515e+02
4.000000e-07	-6.711809e-09	-7.092563e-10	-3.616771e+01	-1.968066e+02
4.100000e-07	-6.690660e-09	-7.140383e-10	-3.605371e+01	-1.966416e+02
4.200000e-07	-6.669080e-09	-7.146028e-10	-3.593738e+01	-1.964542e+02
4.300000e-07	-6.647044e-09	-7.114089e-10	-3.581861e+01	-1.962424e+02
4.400000e-07	-6.624592e-09	-7.131557e-10	-3.569760e+01	-1.960041e+02
4.500000e-07	-6.601678e-09	-7.140898e-10	-3.557408e+01	-1.957374e+02
4.600000e-07	-6.578173e-09	-7.078674e-10	-3.544736e+01	-1.954405e+02
4.700000e-07	-6.554154e-09	-7.038567e-10	-3.531789e+01	-1.951117e+02
4.800000e-07	-6.529736e-09	-7.045057e-10	-3.518627e+01	-1.947496e+02
4.900000e-07	-6.504888e-09	-7.008168e-10	-3.505232e+01	-1.943528e+02
5.000000e-07	-6.479584e-09	-6.962256e-10	-3.491592e+01	-1.939203e+02
5.100000e-07	-6.453843e-09	-6.985427e-10	-3.477718e+01	-1.934511e+02
5.200000e-07	-6.427565e-09	-6.990827e-10	-3.463551e+01	-1.929447e+02
5.300000e-07	-6.400706e-09	-6.931591e-10	-3.449073e+01	-1.924007e+02
5.400000e-07	-6.373387e-09	-6.913186e-10	-3.434347e+01	-1.918189e+02
5.500000e-07	-6.345651e-09	-6.921688e-10	-3.419397e+01	-1.911995e+02
5.600000e-07	-6.317449e-09	-6.863647e-10	-3.404195e+01	-1.905427e+02
5.700000e-07	-6.288834e-09	-6.807792e-10	-3.388772e+01	-1.898492e+02
5.800000e-07	-6.259825e-09	-6.800263e-10	-3.373136e+01	-1.891197e+02
5.900000e-07	-6.230321e-09	-6.766402e-10	-3.357231e+01	-1.883553e+02
6.000000e-07	-6.200262e-09	-6.710579e-10	-3.341028e+01	-1.875573e+02
6.100000e-07	-6.169690e-09	-6.695415e-10	-3.324551e+01	-1.867268e+02
6.200000e-07	-6.138621e-09	-6.686245e-10	-3.307804e+01	-1.858656e+02
6.300000e-07	-6.107017e-09	-6.642703e-10	-3.290770e+01	-1.849752e+02
6.400000e-07	-6.074862e-09	-6.597679e-10	-3.273440e+01	-1.840573e+02
6.500000e-07	-6.042241e-09	-6.570034e-10	-3.255859e+01	-1.831138e+02
6.600000e-07	-6.009229e-09	-6.532738e-10	-3.238068e+01	-1.821466e+02
6.700000e-07	-5.975833e-09	-6.488071e-10	-3.220068e+01	-1.811574e+02
6.800000e-07	-5.942062e-09	-6.459358e-10	-3.201867e+01	-1.801481e+02
6.900000e-07	-5.907915e-09	-6.430807e-10	-3.183462e+01	-1.791205e+02
7.000000e-07	-5.873374e-09	-6.384838e-10	-3.164845e+01	-1.780764e+02
7.100000e-07	-5.838454e-09	-6.345859e-10	-3.146024e+01	-1.770174e+02
7.200000e-07	-5.803174e-09	-6.322213e-10	-3.127010e+01	-1.759449e+02
7.300000e-07	-5.767487e-09	-6.284852e-10	-3.107774e+01	-1.748604e+02
7.400000e-07	-5.731316e-09	-6.234800e-10	-3.088278e+01	-1.737651e+02
7.500000e-07	-5.694688e-09	-6.198022e-10	-3.068537e+01	-1.726601e+02
7.600000e-07	-5.657666e-09	-6.168187e-10	-3.048583e+01	-1.715464e+02
7.700000e-07	-5.620249e-09	-6.127414e-10	-3.028416e+01	-1.704246e+02
7.800000e-07	-5.582429e-09	-6.085404e-10	-3.008033e+01	-1.692952e+02
7.900000e-07	-5.544227e-09	-6.046799e-10	-2.987444e+01	-1.681588e+02
8.000000e-07	-5.505627e-09	-6.005743e-10	-2.966639e+01	-1.670156e+02
8.100000e-07	-5.466561e-09	-5.964490e-10	-2.945581e+01	-1.658655e+02
8.200000e-07	-5.427012e-09	-5.928975e-10	-2.924263e+01	-1.647085e+02
8.300000e-07	-5.387045e-09	-5.892287e-10	-2.902723e+01	-1.635445e+02
8.400000e-07	-5.346721e-09	-5.850043e-10	-2.880990e+01	-1.623730e+02
8.500000e-07	-5.306041e-09	-5.806046e-10	-2.859065e+01	-1.611937e+02
8.600000e-07	-5.265008e-09	-5.764772e-10	-2.836948e+01	-1.600060e+02
8.700000e-07	-5.223647e-09	-5.723118e-10	-2.814656e+01	-1.588094e+02
8.800000e-07	-5.181948e-09	-5.677329e-10	-2.792182e+01	-1.576032e+02
8.900000e-07	-5.139864e-09	-5.629998e-10	-2.769498e+01	-1.563868e+02
9.000000e-07	-5.097353e-09	-5.586520e-10	-2.746584e+01	-1.551596e+02
9.100000e-07	-5.054410e-09	-5.546376e-10	-2.723440e+01	-1.539210e+02
9.200000e-07	-5.011075e-09	-5.507814e-10	-2.700085e+01	-1.526703e+02
9.300000e-07	-4.967387e-09	-5.468083e-10	-2.676539e+01	-1.514071e+02
9.400000e-07	-4.923364e-09	-5.424248e-10	-2.652813e+01	-1.501309e+02
9.500000e-07	-4.879013e-09	-5.375079e-10	-2.628909e+01	-1.488414e+02
9.600000e-07	-4.834323e-09	-5.324052e-10	-2.604823e+01	-1.475381e+02
9.700000e-07	-4.789269e-09	-5.273094e-10	-2.580541e+01	-1.462211e+02
9.800000e-07	-4.743801e-09	-5.220361e-10	-2.556033e+01	-1.448900e+02
9.900000e-07	-4.697890e-09	-5.168897e-10	-2.531285e+01	-1.435451e+02
1.000000e-06	-4.651592e-09	-5.124846e-10	-2.506333e+01	-1.421863e+02
1.010000e-06	-4.604971e-09	-5.086833e-10	-2.481206e+01	-1.408139e+02
1.020000e-06	-4.558032e-09	-5.046127e-10	-2.455909e+01	-1.394283e+02
1.030000e-06	-4.510775e-09	-5.001109e-10	-2.430439e+01	-1.380297e+02
1.040000e-06	-4.463209e-09	-4.952555e-10	-2.404805e+01	-1.366187e+02
1.050000e-06	-4.415330e-09	-4.899458e-10	-2.379001e+01	-1.351957e+02
1.060000e-06	-4.367110e-09	-4.843872e-10	-2.353013e+01	-1.337615e+02
1.070000e-06	-4.318525e-09	-4.789883e-10	-2.326826e+01	-1.323166e+02
1.080000e-06	-4.269572e-09	-4.735027e-10	-2.300440e+01	-1.308616e+02
1.090000e-06	-4.220266e-09	-4.681436e-10	-2.273866e+01	-1.293972e+02
1.100000e-06	-4.170654e-09	-4.636784e-10	-2.247129e+01	-1.279241e+02
1.110000e-06	-4.120774e-09	-4.594733e-10	-2.220246e+01	-1.264429e+02
1.120000e-06	-4.070634e-09	-4.543771e-10	-2.193222e+01	-1.249542e+02
1.130000e-06	-4.020236e-09	-4.485470e-10	-2.166060e+01	-1.234586e+02
1.140000e-06	-3.969588e-09	-4.425309e-10	-2.138764e+01	-1.219566e+02
1.150000e-06	-3.918692e-09	-4.367397e-10	-2.111336e+01	-1.204487e+02
1.160000e-06	-3.867530e-09	-4.312515e-10	-2.083763e+01	-1.189352e+02
1.170000e-06	-3.816073e-09	-4.258304e-10	-2.056030e+01	-1.174165e+02
1.180000e-06	-3.764308e-09	-4.202855e-10	-2.028129e+01	-1.158929e+02
1.190000e-06	-3.712229e-09	-4.147919e-10	-2.000059e+01	-1.143644e+02
1.200000e-06	-3.659829e-09	-4.094292e-10	-1.971817e+01	-1.128313e+02
1.210000e-06	-3.607130e-09	-4.040229e-10	-1.943416e+01	-1.112935e+02
1.220000e-06	-3.554183e-09	-3.983631e-10	-1.914880e+01	-1.097510e+02
1.230000e-06	-3.501023e-09	-3.922364e-10	-1.886232e+01	-1.082037e+02
1.240000e-06	-3.447647e-09	-3.860362e-10	-1.857466e+01	-1.066514e+02
1.250000e-06	-3.394030e-09	-3.805525e-10	-1.828569e+01	-1.050939e+02
1.260000e-06	-3.340177e-09	-3.751424e-10	-1.799545e+01	-1.035311e+02
1.270000e-06	-3.286113e-09	-3.692160e-10	-1.770407e+01	-1.019626e+02
1.280000e-06	-3.231835e-09	-3.634737e-10	-1.741154e+01	-1.003882e+02
1.290000e-06	-3.177335e-09	-3.575797e-10	-1.711783e+01	-9.880762e+01
1.300000e-06	-3.122591e-09	-3.514291e-10	-1.682279e+01	-9.722053e+01
1.310000e-06	-3.067570e-09	-3.457484e-10	-1.652624e+01	-9.562669e+01
1.320000e-06	-3.012269e-09	-3.401216e-10	-1.622818e+01	-9.402587e+01
1.330000e-06	-2.956689e-09	-3.341377e-10	-1.592863e+01	-9.241786e+01
1.340000e-06	-2.900827e-09	-3.286404e-10	-1.562756e+01	-9.080250e+01
1.350000e-06	-2.844713e-09	-3.234085e-10	-1.532514e+01	-8.917967e+01
1.360000e-06	-2.788380e-09	-3.170789e-10	-1.502154e+01	-8.754928e+01
1.370000e-06	-2.731844e-09	-3.102671e-10	-1.471683e+01	-8.591132e+01
1.380000e-06	-2.675104e-09	-3.043375e-10	-1.441104e+01	-8.426582e+01
1.390000e-06	-2.618141e-09	-2.988403e-10	-1.410404e+01	-8.261285e+01
1.400000e-06	-2.560951e-09	-2.932072e-10	-1.379581e+01	-8.095254e+01
1.410000e-06	-2.503566e-09	-2.873464e-10	-1.348654e+01	-7.928508e+01
1.420000e-06	-2.446002e-09	-2.810173e-10	-1.317632e+01	-7.761068e+01
1.430000e-06	-2.388244e-09	-2.745552e-10	-1.286506e+01	-7.592960e+01
1.440000e-06	-2.330298e-09	-2.686796e-10	-1.255279e+01	-7.424212e+01
1.450000e-06	-2.272174e-09	-2.628156e-10	-1.223957e+01	-7.254856e+01
1.460000e-06	-2.213883e-09	-2.562379e-10	-1.192546e+01	-7.084926e+01
1.470000e-06	-2.155440e-09	-2.498158e-10	-1.161052e+01	-6.914454e+01
1.480000e-06	-2.096857e-09	-2.442180e-10	-1.129483e+01	-6.743475e+01
1.490000e-06	-2.038140e-09	-2.386657e-10	-1.097841e+01	-6.572021e+01
1.500000e-06	-1.979293e-09	-2.324585e-10	-1.066128e+01	-6.400127e+01
1.510000e-06	-1.920332e-09	-2.258891e-10	-1.034355e+01	-6.227820e+01
1.520000e-06	-1.861275e-09	-2.193797e-10	-1.002530e+01	-6.055130e+01
1.530000e-06	-1.802121e-09	-2.134572e-10	-9.706528e+00	-5.882080e+01
1.540000e-06	-1.742865e-09	-2.078935e-10	-9.387211e+00	-5.708693e+01
1.550000e-06	-1.683505e-09	-2.017254e-10	-9.067330e+00	-5.534986e+01
1.560000e-06	-1.624043e-09	-1.947357e-10	-8.746894e+00	-5.360974e+01
1.570000e-06	-1.564484e-09	-1.880396e-10	-8.425927e+00	-5.186667e+01
1.580000e-06	-1.504830e-09	-1.824053e-10	-8.104445e+00	-5.012071e+01
1.590000e-06	-1.445073e-09	-1.768586e-10	-7.782405e+00	-4.837192e+01
1.600000e-06	-1.385204e-09	-1.702637e-10	-7.459759e+00	-4.662030e+01
1.610000e-06	-1.325220e-09	-1.632041e-10	-7.136491e+00	-4.486582e+01
1.620000e-06	-1.265127e-09	-1.570200e-10	-6.812636e+00	-4.310846e+01
1.630000e-06	-1.204936e-09	-1.514311e-10	-6.488262e+00	-4.134817e+01
1.640000e-06	-1.144656e-09	-1.452662e-10	-6.163413e+00	-3.958489e+01
1.650000e-06	-1.084308e-09	-1.381710e-10	-5.838195e+00	-3.781856e+01
1.660000e-06	-1.023905e-09	-1.309135e-10	-5.512677e+00	-3.604913e+01
1.670000e-06	-9.634455e-10	-1.245861e-10	-5.186849e+00	-3.427658e+01
1.680000e-06	-9.029293e-10	-1.192200e-10	-4.860714e+00	-3.250087e+01
1.690000e-06	-8.423596e-10	-1.136127e-10	-4.534291e+00	-3.072203e+01
1.700000e-06	-7.817316e-10	-1.068240e-10	-4.207558e+00	-2.894008e+01
1.710000e-06	-7.210385e-10	-9.943706e-11	-3.880476e+00	-2.715511e+01
1.720000e-06	-6.602778e-10	-9.278200e-11	-3.553025e+00	-2.536723e+01
1.730000e-06	-5.994476e-10	-8.704070e-11	-3.225195e+00	-2.357659e+01
1.740000e-06	-5.385537e-10	-8.097147e-11	-2.897018e+00	-2.178340e+01
1.750000e-06	-4.776054e-10	-7.399976e-11	-2.568554e+00	-1.998788e+01
1.760000e-06	-4.166112e-10	-6.701213e-11	-2.239850e+00	-1.819032e+01
1.770000e-06	-3.555801e-10	-6.064325e-11	-1.910946e+00	-1.639104e+01
1.780000e-06	-2.945237e-10	-5.442382e-11	-1.581906e+00	-1.459039e+01
1.790000e-06	-2.334591e-10	-4.779723e-11	-1.252827e+00	-1.278875e+01
1.800000e-06	-1.723985e-10	-4.111343e-11	-9.237714e-01	-1.098653e+01
1.810000e-06	-1.113462e-10	-3.474126e-11	-5.947565e-01	-9.184155e+00
1.820000e-06	-5.030051e-11	-2.854169e-11	-2.657717e-01	-7.382068e+00
1.830000e-06	1.074271e-11	-2.224737e-11	6.319734e-02	-5.580710e+00
1.840000e-06	7.178339e-11	-1.543990e-11	3.921571e-01	-3.780519e+00
1.850000e-06	1.328233e-10	-8.050554e-12	7.211125e-01	-1.981924e+00
1.860000e-06	1.938669e-10	-7.899191e-13	1.050082e+00	-1.853340e-01
1.870000e-06	2.549067e-10	5.581037e-12	1.379031e+00	1.608865e+00
1.880000e-06	3.159327e-10	1.137141e-11	1.707911e+00	3.400321e+00
1.890000e-06	3.769374e-10	1.746344e-11	2.036675e+00	5.188719e+00
1.900000e-06	4.379120e-10	2.399988e-11	2.365274e+00	6.973787e+00
1.910000e-06	4.988453e-10	3.074775e-11	2.693658e+00	8.755300e+00
1.920000e-06	5.597268e-10	3.743516e-11	3.021768e+00	1.053308e+01
1.930000e-06	6.205494e-10	4.388783e-11	3.349547e+00	1.230701e+01
1.940000e-06	6.813015e-10	5.033894e-11	3.676936e+00	1.407702e+01
1.950000e-06	7.419755e-10	5.703031e-11	4.003909e+00	1.584308e+01
1.960000e-06	8.025750e-10	6.382536e-11	4.330485e+00	1.760523e+01
1.970000e-06	8.631079e-10	7.018413e-11	4.656700e+00	1.936353e+01
1.980000e-06	9.235811e-10	7.601670e-11	4.982586e+00	2.111812e+01
1.990000e-06	9.839958e-10	8.198536e-11	5.308153e+00	2.286914e+01
2.000000e-06	1.044351e-09	8.859847e-11	5.633399e+00	2.461678e+01
2.010000e-06	1.104643e-09	9.558595e-11	5.958301e+00	2.636126e+01
2.020000e-06	1.164857e-09	1.023435e-10	6.282789e+00	2.810280e+01
2.030000e-06	1.224989e-09	1.086478e-10	6.606830e+00	2.984163e+01
2.040000e-06	1.285032e-09	1.147433e-10	6.930391e+00	3.157800e+01
2.050000e-06	1.344977e-09	1.209910e-10	7.253424e+00	3.331213e+01
2.060000e-06	1.404818e-09	1.274753e-10	7.575901e+00	3.504425e+01
2.070000e-06	1.464554e-09	1.337711e-10	7.897800e+00	3.677455e+01
2.080000e-06	1.524184e-09	1.396793e-10	8.219132e+00	3.850321e+01
2.090000e-06	1.583712e-09	1.457301e-10	8.539911e+00	4.023035e+01
2.100000e-06	1.643140e-09	1.523644e-10	8.860134e+00	4.195608e+01
2.110000e-06	1.702467e-09	1.592282e-10	9.179814e+00	4.368045e+01
2.120000e-06	1.761691e-09	1.656464e-10	9.498940e+00	4.540346e+01
2.130000e-06	1.820811e-09	1.714632e-10	9.817508e+00	4.712508e+01
2.140000e-06	1.879825e-09	1.772873e-10	1.013551e+01	4.884521e+01
2.150000e-06	1.938728e-09	1.836206e-10	1.045291e+01	5.056373e+01
2.160000e-06	1.997511e-09	1.902802e-10	1.076968e+01	5.228043e+01
2.170000e-06	2.056166e-09	1.967588e-10	1.108575e+01	5.399511e+01
2.180000e-06	2.114683e-09	2.027098e-10	1.140107e+01	5.570747e+01
2.190000e-06	2.173054e-09	2.084739e-10	1.171560e+01	5.741722e+01
2.200000e-06	2.231264e-09	2.146104e-10	1.202926e+01	5.912402e+01
2.210000e-06	2.289295e-09	2.210039e-10	1.234196e+01	6.082749e+01
2.220000e-06	2.347136e-09	2.270692e-10	1.265364e+01	6.252726e+01
2.230000e-06	2.404780e-09	2.328478e-10	1.296427e+01	6.422292e+01
2.240000e-06	2.462228e-09	2.389810e-10	1.327384e+01	6.591406e+01
2.250000e-06	2.519485e-09	2.455059e-10	1.358239e+01	6.760027e+01
2.260000e-06	2.576551e-09	2.519255e-10	1.388990e+01	6.928114e+01
2.270000e-06	2.633420e-09	2.579579e-10	1.419636e+01	7.095629e+01
2.280000e-06	2.690094e-09	2.636342e-10	1.450177e+01	7.262533e+01
2.290000e-06	2.746571e-09	2.693447e-10	1.480611e+01	7.428790e+01
2.300000e-06	2.802852e-09	2.752100e-10	1.510939e+01	7.594366e+01
2.310000e-06	2.858921e-09	2.810485e-10	1.541153e+01	7.759232e+01
2.320000e-06	2.914752e-09	2.867578e-10	1.571239e+01	7.923358e+01
2.330000e-06	2.970322e-09	2.924363e-10	1.601186e+01	8.086721e+01
2.340000e-06	3.025616e-09	2.985261e-10	1.630985e+01	8.249297e+01
2.350000e-06	3.080638e-09	3.050726e-10	1.660637e+01	8.411070e+01
2.360000e-06	3.135398e-09	3.114907e-10	1.690146e+01	8.572022e+01
2.370000e-06	3.189902e-09	3.172679e-10	1.719515e+01	8.732141e+01
2.380000e-06	3.244164e-09	3.226071e-10	1.748754e+01	8.891416e+01
2.390000e-06	3.298202e-09	3.280354e-10	1.777873e+01	9.049839e+01
2.400000e-06	3.352019e-09	3.336081e-10	1.806873e+01	9.207403e+01
2.410000e-06	3.405610e-09	3.392000e-10	1.835751e+01	9.364102e+01
2.420000e-06	3.458976e-09	3.448964e-10	1.864507e+01	9.519932e+01
2.430000e-06	3.512121e-09	3.508218e-10	1.893144e+01	9.674889e+01
2.440000e-06	3.565044e-09	3.569287e-10	1.921661e+01	9.828968e+01
2.450000e-06	3.617725e-09	3.631143e-10	1.950048e+01	9.982166e+01
2.460000e-06	3.670128e-09	3.691102e-10	1.978286e+01	1.013448e+02
2.470000e-06	3.722223e-09	3.744470e-10	2.006359e+01	1.028590e+02
2.480000e-06	3.773996e-09	3.791502e-10	2.034259e+01	1.043642e+02
2.490000e-06	3.825458e-09	3.838582e-10	2.061990e+01	1.058603e+02
2.500000e-06	3.876630e-09	3.892259e-10	2.089563e+01	1.073472e+02
2.510000e-06	3.927534e-09	3.952349e-10	2.116993e+01	1.088248e+02
2.520000e-06	3.978180e-09	4.013669e-10	2.144284e+01	1.102930e+02
2.530000e-06	4.028567e-09	4.072835e-10	2.171435e+01	1.117516e+02
2.540000e-06	4.078694e-09	4.127571e-10	2.198446e+01	1.132005e+02
2.550000e-06	4.128574e-09	4.177420e-10	2.225323e+01	1.146395e+02
2.560000e-06	4.178207e-09	4.226299e-10	2.252066e+01	1.160684e+02
2.570000e-06	4.227561e-09	4.276547e-10	2.278661e+01	1.174870e+02
2.580000e-06	4.276585e-09	4.326056e-10	2.305079e+01	1.188952e+02
2.590000e-06	4.325245e-09	4.377016e-10	2.331300e+01	1.202928e+02
2.600000e-06	4.373539e-09	4.434887e-10	2.357324e+01	1.216796e+02
2.610000e-06	4.421488e-09	4.495493e-10	2.383160e+01	1.230555e+02
2.620000e-06	4.469120e-09	4.549135e-10	2.408825e+01	1.244204e+02
2.630000e-06	4.516447e-09	4.593909e-10	2.434326e+01	1.257740e+02
2.640000e-06	4.563459e-09	4.636312e-10	2.459658e+01	1.271163e+02
2.650000e-06	4.610146e-09	4.682774e-10	2.484814e+01	1.284473e+02
2.660000e-06	4.656483e-09	4.733878e-10	2.509783e+01	1.297669e+02
2.670000e-06	4.702429e-09	4.784963e-10	2.534541e+01	1.310751e+02
2.680000e-06	4.747956e-09	4.835040e-10	2.559073e+01	1.323719e+02
2.690000e-06	4.793080e-09	4.887002e-10	2.583386e+01	1.336574e+02
2.700000e-06	4.837841e-09	4.938597e-10	2.607505e+01	1.349315e+02
2.710000e-06	4.882278e-09	4.985621e-10	2.631449e+01	1.361945e+02
2.720000e-06	4.926395e-09	5.027253e-10	2.655220e+01	1.374464e+02
2.730000e-06	4.970176e-09	5.065702e-10	2.678810e+01	1.386873e+02
2.740000e-06	5.013632e-09	5.107893e-10	2.702225e+01	1.399175e+02
2.750000e-06	5.056766e-09	5.157529e-10	2.725466e+01	1.411371e+02
2.760000e-06	5.099533e-09	5.209312e-10	2.748510e+01	1.423462e+02
2.770000e-06	5.141870e-09	5.257298e-10	2.771323e+01	1.435450e+02
2.780000e-06	5.183769e-09	5.299253e-10	2.793898e+01	1.447338e+02
2.790000e-06	5.225275e-09	5.339655e-10	2.816260e+01	1.459126e+02
2.800000e-06	5.266424e-09	5.382920e-10	2.838432e+01	1.470816e+02
2.810000e-06	5.307219e-09	5.425912e-10	2.860413e+01	1.482410e+02
2.820000e-06	5.347656e-09	5.467200e-10	2.882200e+01	1.493908e+02
2.830000e-06	5.387750e-09	5.509294e-10	2.903803e+01	1.505311e+02
2.840000e-06	5.427476e-09	5.552343e-10	2.925208e+01	1.516620e+02
2.850000e-06	5.466757e-09	5.594986e-10	2.946374e+01	1.527834e+02
2.860000e-06	5.505562e-09	5.636176e-10	2.967283e+01	1.538954e+02
2.870000e-06	5.543929e-09	5.675998e-10	2.987955e+01	1.549978e+02
2.880000e-06	5.581898e-09	5.716126e-10	3.008413e+01	1.560906e+02
2.890000e-06	5.619479e-09	5.758471e-10	3.028662e+01	1.571736e+02
2.900000e-06	5.656685e-09	5.802076e-10	3.048710e+01	1.582467e+02
2.910000e-06	5.693548e-09	5.843029e-10	3.068571e+01	1.593096e+02
2.920000e-06	5.730042e-09	5.879049e-10	3.088236e+01	1.603621e+02
2.930000e-06	5.766083e-09	5.912506e-10	3.107656e+01	1.614040e+02
2.940000e-06	5.801635e-09	5.947644e-10	3.126812e+01	1.624349e+02
2.950000e-06	5.836754e-09	5.985245e-10	3.145734e+01	1.634547e+02
2.960000e-06	5.871490e-09	6.023032e-10	3.164450e+01	1.644629e+02
2.970000e-06	5.905838e-09	6.061035e-10	3.182957e+01	1.654593e+02
2.980000e-06	5.939803e-09	6.101169e-10	3.201256e+01	1.664435e+02
2.990000e-06	5.973408e-09	6.142703e-10	3.219362e+01	1.674152e+02
3.000000e-06	6.006635e-09	6.182006e-10	3.237265e+01	1.683742e+02
3.010000e-06	6.039426e-09	6.214696e-10	3.254930e+01	1.693202e+02
3.020000e-06	6.071754e-09	6.240136e-10	3.272346e+01	1.702529e+02
3.030000e-06	6.103617e-09	6.266022e-10	3.289512e+01	1.711720e+02
3.040000e-06	6.135012e-09	6.298381e-10	3.306426e+01	1.720775e+02
3.050000e-06	6.165952e-09	6.335426e-10	3.323097e+01	1.729690e+02
3.060000e-06	6.196460e-09	6.374508e-10	3.339534e+01	1.738465e+02
3.070000e-06	6.226498e-09	6.413259e-10	3.355717e+01	1.747098e+02
3.080000e-06	6.255996e-09	6.450314e-10	3.371609e+01	1.755589e+02
3.090000e-06	6.284971e-09	6.483639e-10	3.387219e+01	1.763936e+02
3.100000e-06	6.313497e-09	6.511905e-10	3.402589e+01	1.772140e+02
3.110000e-06	6.341595e-09	6.536822e-10	3.417727e+01	1.780201e+02
3.120000e-06	6.369257e-09	6.560118e-10	3.432629e+01	1.788118e+02
3.130000e-06	6.396506e-09	6.585566e-10	3.447310e+01	1.795892e+02
3.140000e-06	6.423315e-09	6.617974e-10	3.461755e+01	1.803524e+02
3.150000e-06	6.449588e-09	6.656713e-10	3.475910e+01	1.811014e+02
3.160000e-06	6.475328e-09	6.694863e-10	3.489778e+01	1.818362e+02
3.170000e-06	6.500621e-09	6.725404e-10	3.503404e+01	1.825570e+02
3.180000e-06	6.525487e-09	6.747900e-10	3.516802e+01	1.832637e+02
3.190000e-06	6.549928e-09	6.767457e-10	3.529969e+01	1.839564e+02
3.200000e-06	6.573979e-09	6.788157e-10	3.542927e+01	1.846352e+02
3.210000e-06	6.597606e-09	6.813367e-10	3.555657e+01	1.853000e+02
3.220000e-06	6.620685e-09	6.842957e-10	3.568090e+01	1.859508e+02
3.230000e-06	6.643215e-09	6.872740e-10	3.580227e+01	1.865876e+02
3.240000e-06	6.665285e-09	6.900982e-10	3.592117e+01	1.872103e+02
3.250000e-06	6.686904e-09	6.926611e-10	3.603764e+01	1.878188e+02
3.260000e-06	6.708033e-09	6.948093e-10	3.615147e+01	1.884131e+02
3.270000e-06	6.728596e-09	6.966355e-10	3.626224e+01	1.889929e+02
3.280000e-06	6.748519e-09	6.984621e-10	3.636956e+01	1.895581e+02
3.290000e-06	6.767843e-09	7.004171e-10	3.647365e+01	1.901086e+02
3.300000e-06	6.786672e-09	7.024639e-10	3.657506e+01	1.906441e+02
3.310000e-06	6.805037e-09	7.046571e-10	3.667399e+01	1.911645e+02
3.320000e-06	6.822952e-09	7.069738e-10	3.677049e+01	1.916695e+02
3.330000e-06	6.840440e-09	7.090651e-10	3.686469e+01	1.921590e+02
3.340000e-06	6.857430e-09	7.106125e-10	3.695621e+01	1.926327e+02
3.350000e-06	6.873851e-09	7.119344e-10	3.704465e+01	1.930904e+02
3.360000e-06	6.889771e-09	7.135170e-10	3.713039e+01	1.935319e+02
3.370000e-06	6.905241e-09	7.152411e-10	3.721372e+01	1.939572e+02
3.380000e-06	6.920252e-09	7.166635e-10	3.729457e+01	1.943659e+02
3.390000e-06	6.934819e-09	7.177808e-10	3.737302e+01	1.947582e+02
3.400000e-06	6.948924e-09	7.189348e-10	3.744899e+01	1.951337e+02
3.410000e-06	6.962467e-09	7.204229e-10	3.752191e+01	1.954926e+02
3.420000e-06	6.975436e-09	7.220919e-10	3.759175e+01	1.958348e+02
3.430000e-06	6.987917e-09	7.233471e-10	3.765897e+01	1.961604e+02
3.440000e-06	6.999933e-09	7.239963e-10	3.772369e+01	1.964694e+02
3.450000e-06	7.011489e-09	7.245539e-10	3.778591e+01	1.967619e+02
3.460000e-06	7.022601e-09	7.254982e-10	3.784575e+01	1.970381e+02
3.470000e-06	7.033196e-09	7.266850e-10	3.790279e+01	1.972982e+02
3.480000e-06	7.043199e-09	7.277446e-10	3.795663e+01	1.975424e+02
3.490000e-06	7.052674e-09	7.283813e-10	3.800765e+01	1.977709e+02
3.500000e-06	7.061675e-09	7.287387e-10	3.805611e+01	1.979842e+02
3.510000e-06	7.070206e-09	7.292501e-10	3.810205e+01	1.981824e+02
3.520000e-06	7.078304e-09	7.299412e-10	3.814565e+01	1.983659e+02
3.530000e-06	7.085971e-09	7.306514e-10	3.818693e+01	1.985350e+02
3.540000e-06	7.093137e-09	7.313112e-10	3.822549e+01	1.986901e+02
3.550000e-06	7.099768e-09	7.318106e-10	3.826116e+01	1.988316e+02
3.560000e-06	7.105835e-09	7.322865e-10	3.829379e+01	1.989599e+02
3.570000e-06	7.111333e-09	7.327087e-10	3.832337e+01	1.990753e+02
3.580000e-06	7.116301e-09	7.328047e-10	3.835009e+01	1.991782e+02
3.590000e-06	7.120694e-09	7.327345e-10	3.837371e+01	1.992689e+02
3.600000e-06	7.124450e-09	7.326979e-10	3.839389e+01	1.993479e+02
3.610000e-06	7.127657e-09	7.329491e-10	3.841113e+01	1.994155e+02
3.620000e-06	7.130396e-09	7.334558e-10	3.842584e+01	1.994720e+02
3.630000e-06	7.132649e-09	7.338159e-10	3.843794e+01	1.995179e+02
3.640000e-06	7.134447e-09	7.337619e-10	3.844758e+01	1.995534e+02
3.650000e-06	7.135795e-09	7.334408e-10	3.845481e+01	1.995790e+02
3.660000e-06	7.136579e-09	7.331323e-10	3.845898e+01	1.995949e+02
3.670000e-06	7.136777e-09	7.327128e-10	3.845999e+01	1.996016e+02
3.680000e-06	7.136473e-09	7.324489e-10	3.845832e+01	1.995994e+02
3.690000e-06	7.135694e-09	7.325753e-10	3.845408e+01	1.995887e+02
3.700000e-06	7.134458e-09	7.324955e-10	3.844738e+01	1.995700e+02
3.710000e-06	7.132799e-09	7.321130e-10	3.843841e+01	1.995437e+02
3.720000e-06	7.130650e-09	7.320347e-10	3.842676e+01	1.995102e+02
3.730000e-06	7.127923e-09	7.317477e-10	3.841201e+01	1.994701e+02
3.740000e-06	7.124710e-09	7.302523e-10	3.839466e+01	1.994239e+02
3.750000e-06	7.121052e-09	7.304545e-10	3.837491e+01	1.993721e+02
3.760000e-06	7.116707e-09	7.326221e-10	3.835143e+01	1.993153e+02
3.770000e-06	7.111273e-09	7.316055e-10	3.832204e+01	1.992541e+02
3.780000e-06	7.104857e-09	7.282638e-10	3.828739e+01	1.991891e+02
3.790000e-06	7.098214e-09	7.284588e-10	3.825158e+01	1.991211e+02
3.800000e-06	7.091689e-09	7.315372e-10	3.821644e+01	1.990506e+02
3.810000e-06	7.084810e-09	7.308614e-10	3.817933e+01	1.989784e+02
3.820000e-06	7.077078e-09	7.268703e-10	3.813757e+01	1.989051e+02
3.830000e-06	7.068818e-09	7.255348e-10	3.809300e+01	1.988313e+02
3.840000e-06	7.060535e-09	7.273986e-10	3.804837e+01	1.987577e+02
3.850000e-06	7.051844e-09	7.272184e-10	3.800149e+01	1.986849e+02
3.860000e-06	7.042144e-09	7.242506e-10	3.794910e+01	1.986133e+02
3.870000e-06	7.031777e-09	7.242412e-10	3.789318e+01	1.985435e+02
3.880000e-06	7.021260e-09	7.260366e-10	3.783650e+01	1.984758e+02
3.890000e-06	7.010334e-09	7.225991e-10	3.777758e+01	1.984105e+02
3.900000e-06	6.998596e-09	7.179526e-10	3.771425e+01	1.983477e+02
3.910000e-06	6.986337e-09	7.214540e-10	3.764813e+01	1.982876e+02
3.920000e-06	6.973789e-09	7.256039e-10	3.758047e+01	1.982299e+02
3.930000e-06	6.960583e-09	7.212332e-10	3.750924e+01	1.981745e+02
3.940000e-06	6.946656e-09	7.152059e-10	3.743414e+01	1.981209e+02
3.950000e-06	6.932417e-09	7.173930e-10	3.735739e+01	1.980686e+02
3.960000e-06	6.917885e-09	7.227336e-10	3.727905e+01	1.980168e+02
3.970000e-06	6.902629e-09	7.217888e-10	3.719676e+01	1.979647e+02
3.980000e-06	6.886706e-09	7.203952e-10	3.711090e+01	1.979110e+02
3.990000e-06	6.870484e-09	7.207507e-10	3.702346e+01	1.978547e+02
4.000000e-06	6.853865e-09	7.170189e-10	3.693387e+01	1.977942e+02
4.010000e-06	6.836647e-09	7.113034e-10	3.684104e+01	1.977280e+02
4.020000e-06	6.818998e-09	7.123399e-10	3.674591e+01	1.976545e+02
4.030000e-06	6.801005e-09	7.168273e-10	3.664890e+01	1.975716e+02
4.040000e-06	6.782494e-09	7.162538e-10	3.654908e+01	1.974776e+02
4.050000e-06	6.763460e-09	7.158430e-10	3.644643e+01	1.973704e+02
4.060000e-06	6.743950e-09	7.169103e-10	3.634122e+01	1.972478e+02
4.070000e-06	6.723802e-09	7.143644e-10	3.623258e+01	1.971078e+02
4.080000e-06	6.703020e-09	7.092502e-10	3.612052e+01	1.969481e+02
4.090000e-06	6.681674e-09	7.088115e-10	3.600541e+01	1.967666e+02
4.100000e-06	6.659792e-09	7.118725e-10	3.588741e+01	1.965613e+02
4.110000e-06	6.637417e-09	7.114777e-10	3.576678e+01	1.963300e+02
4.120000e-06	6.614590e-09	7.116635e-10	3.564372e+01	1.960707e+02
4.130000e-06	6.591283e-09	7.155719e-10	3.551808e+01	1.957818e+02
4.140000e-06	6.567543e-09	7.164164e-10	3.539011e+01	1.954614e+02
4.150000e-06	6.543421e-09	7.133740e-10	3.526008e+01	1.951080e+02
4.160000e-06	6.518774e-09	7.131183e-10	3.512718e+01	1.947202e+02
4.170000e-06	6.493524e-09	7.126287e-10	3.499104e+01	1.942970e+02
4.180000e-06	6.467808e-09	7.065862e-10	3.485243e+01	1.938374e+02
4.190000e-06	6.441665e-09	7.017963e-10	3.471152e+01	1.933406e+02
4.200000e-06	6.415045e-09	7.024537e-10	3.456802e+01	1.928064e+02
4.210000e-06	6.387963e-09	7.003757e-10	3.442203e+01	1.922343e+02
4.220000e-06	6.360389e-09	6.959329e-10	3.427337e+01	1.916246e+02
4.230000e-06	6.332248e-09	6.959594e-10	3.412166e+01	1.909774e+02
4.240000e-06	6.303602e-09	6.941651e-10	3.396726e+01	1.902933e+02
4.250000e-06	6.274571e-09	6.880656e-10	3.381079e+01	1.895731e+02
4.260000e-06	6.245142e-09	6.853835e-10	3.365216e+01	1.888176e+02
4.270000e-06	6.215273e-09	6.841314e-10	3.349115e+01	1.880282e+02
4.280000e-06	6.184936e-09	6.797023e-10	3.332761e+01	1.872060e+02
4.290000e-06	6.154071e-09	6.754956e-10	3.316121e+01	1.863526e+02
4.300000e-06	6.122648e-09	6.729095e-10	3.299180e+01	1.854695e+02
4.310000e-06	6.090723e-09	6.699511e-10	3.281972e+01	1.845586e+02
4.320000e-06	6.058347e-09	6.652177e-10	3.264521e+01	1.836216e+02
4.330000e-06	6.025566e-09	6.606329e-10	3.246852e+01	1.826604e+02
4.340000e-06	5.992398e-09	6.592607e-10	3.228975e+01	1.816767e+02
4.350000e-06	5.958815e-09	6.573994e-10	3.210874e+01	1.806725e+02
4.360000e-06	5.924778e-09	6.519226e-10	3.192525e+01	1.796495e+02
4.370000e-06	5.890246e-09	6.481032e-10	3.173908e+01	1.786095e+02
4.380000e-06	5.855240e-09	6.455454e-10	3.155039e+01	1.775542e+02
4.390000e-06	5.819851e-09	6.391719e-10	3.135966e+01	1.764851e+02
4.400000e-06	5.784111e-09	6.340808e-10	3.116703e+01	1.754036e+02
4.410000e-06	5.747994e-09	6.328485e-10	3.097237e+01	1.743110e+02
4.420000e-06	5.711506e-09	6.289386e-10	3.077572e+01	1.732084e+02
4.430000e-06	5.674642e-09	6.237422e-10	3.057704e+01	1.720969e+02
4.440000e-06	5.637349e-09	6.220809e-10	3.037601e+01	1.709771e+02
4.450000e-06	5.599583e-09	6.192171e-10	3.017241e+01	1.698497e+02
4.460000e-06	5.561349e-09	6.130137e-10	2.996632e+01	1.687151e+02
4.470000e-06	5.522692e-09	6.076852e-10	2.975797e+01	1.675736e+02
4.480000e-06	5.483667e-09	6.033095e-10	2.954763e+01	1.664253e+02
4.490000e-06	5.444283e-09	5.985811e-10	2.933537e+01	1.652701e+02
4.500000e-06	5.404524e-09	5.948916e-10	2.912108e+01	1.641079e+02
4.510000e-06	5.364399e-09	5.916879e-10	2.890481e+01	1.629384e+02
4.520000e-06	5.323891e-09	5.877410e-10	2.868647e+01	1.617612e+02
4.530000e-06	5.282943e-09	5.832561e-10	2.846574e+01	1.605757e+02
4.540000e-06	5.241580e-09	5.787053e-10	2.824279e+01	1.593814e+02
4.550000e-06	5.199843e-09	5.738350e-10	2.801784e+01	1.581778e+02
4.560000e-06	5.157742e-09	5.681572e-10	2.779092e+01	1.569641e+02
4.570000e-06	5.115286e-09	5.623783e-10	2.756209e+01	1.557398e+02
4.580000e-06	5.072490e-09	5.580515e-10	2.733144e+01	1.545041e+02
4.590000e-06	5.029360e-09	5.548139e-10	2.709899e+01	1.532566e+02
4.600000e-06	4.985901e-09	5.511929e-10	2.686476e+01	1.519967e+02
4.610000e-06	4.942104e-09	5.464766e-10	2.662869e+01	1.507239e+02
4.620000e-06	4.897918e-09	5.410000e-10	2.639052e+01	1.494378e+02
4.630000e-06	4.853321e-09	5.356185e-10	2.615013e+01	1.481382e+02
4.640000e-06	4.808364e-09	5.303023e-10	2.590779e+01	1.468247e+02
4.650000e-06	4.763048e-09	5.247741e-10	2.566352e+01	1.454973e+02
4.660000e-06	4.717343e-09	5.196438e-10	2.541717e+01	1.441559e+02
4.670000e-06	4.671295e-09	5.149818e-10	2.516898e+01	1.428007e+02
4.680000e-06	4.624921e-09	5.104015e-10	2.491902e+01	1.414318e+02
4.690000e-06	4.578158e-09	5.059186e-10	2.466695e+01	1.400496e+02
4.700000e-06	4.530980e-09	5.008195e-10	2.441262e+01	1.386543e+02
4.710000e-06	4.483409e-09	4.947891e-10	2.415620e+01	1.372464e+02
4.720000e-06	4.435467e-09	4.888896e-10	2.389782e+01	1.358266e+02
4.730000e-06	4.387183e-09	4.837271e-10	2.363761e+01	1.343952e+02
4.740000e-06	4.338595e-09	4.785603e-10	2.337574e+01	1.329530e+02
4.750000e-06	4.289719e-09	4.731501e-10	2.311233e+01	1.315005e+02
4.760000e-06	4.240558e-09	4.677561e-10	2.284739e+01	1.300385e+02
4.770000e-06	4.191122e-09	4.624052e-10	2.258096e+01	1.285676e+02
4.780000e-06	4.141407e-09	4.571874e-10	2.231303e+01	1.270884e+02
4.790000e-06	4.091393e-09	4.520317e-10	2.204348e+01	1.256016e+02
4.800000e-06	4.041057e-09	4.463770e-10	2.177216e+01	1.241078e+02
4.810000e-06	3.990393e-09	4.404553e-10	2.149908e+01	1.226074e+02
4.820000e-06	3.939422e-09	4.348713e-10	2.122436e+01	1.211010e+02
4.830000e-06	3.888171e-09	4.294611e-10	2.094815e+01	1.195889e+02
4.840000e-06	3.836658e-09	4.236593e-10	2.067054e+01	1.180715e+02
4.850000e-06	3.784888e-09	4.175144e-10	2.039154e+01	1.165492e+02
4.860000e-06	3.732849e-09	4.116195e-10	2.011109e+01	1.150220e+02
4.870000e-06	3.680546e-09	4.062791e-10	1.982920e+01	1.134900e+02
4.880000e-06	3.628000e-09	4.010323e-10	1.954602e+01	1.119534e+02
4.890000e-06	3.575212e-09	3.955188e-10	1.926153e+01	1.104121e+02
4.900000e-06	3.522172e-09	3.898079e-10	1.897566e+01	1.088661e+02
4.910000e-06	3.468867e-09	3.839898e-10	1.868836e+01	1.073151e+02
4.920000e-06	3.415296e-09	3.780769e-10	1.839961e+01	1.057590e+02
4.930000e-06	3.361460e-09	3.719804e-10	1.810945e+01	1.041976e+02
4.940000e-06	3.307364e-09	3.657762e-10	1.781791e+01	1.026306e+02
4.950000e-06	3.253026e-09	3.599363e-10	1.752507e+01	1.010578e+02
4.960000e-06	3.198471e-09	3.547471e-10	1.723107e+01	9.947880e+01
4.970000e-06	3.143717e-09	3.496551e-10	1.693600e+01	9.789340e+01
4.980000e-06	3.088765e-09	3.440036e-10	1.663985e+01	9.630133e+01
4.990000e-06	3.033596e-09	3.376764e-10	1.634253e+01	9.470234e+01
5.000000e-06	2.978193e-09	3.310574e-10	1.604395e+01	9.309621e+01
5.010000e-06	2.922555e-09	3.244623e-10	1.574409e+01	9.148277e+01
5.020000e-06	2.866682e-09	3.183498e-10	1.544296e+01	8.986188e+01
5.030000e-06	2.810579e-09	3.128085e-10	1.514059e+01	8.823345e+01
5.040000e-06	2.754250e-09	3.075541e-10	1.483700e+01	8.659745e+01
5.050000e-06	2.697697e-09	3.023157e-10	1.453219e+01	8.495389e+01
5.060000e-06	2.640923e-09	2.967215e-10	1.422619e+01	8.330285e+01
5.070000e-06	2.583939e-09	2.903584e-10	1.391906e+01	8.164443e+01
5.080000e-06	2.526751e-09	2.834382e-10	1.361084e+01	7.997880e+01
5.090000e-06	2.469361e-09	2.769355e-10	1.330155e+01	7.830617e+01
5.100000e-06	2.411779e-09	2.711225e-10	1.299124e+01	7.662679e+01
5.110000e-06	2.354023e-09	2.655602e-10	1.268001e+01	7.494094e+01
5.120000e-06	2.296110e-09	2.599661e-10	1.236792e+01	7.324893e+01
5.130000e-06	2.238045e-09	2.540194e-10	1.205501e+01	7.155108e+01
5.140000e-06	2.179828e-09	2.477703e-10	1.174129e+01	6.984773e+01
5.150000e-06	2.121451e-09	2.415102e-10	1.142670e+01	6.813922e+01
5.160000e-06	2.062919e-09	2.351405e-10	1.111127e+01	6.642589e+01
5.170000e-06	2.004255e-09	2.284971e-10	1.079514e+01	6.470805e+01
5.180000e-06	1.945477e-09	2.219713e-10	1.047839e+01	6.298603e+01
5.190000e-06	1.886590e-09	2.159187e-10	1.016105e+01	6.126009e+01
5.200000e-06	1.827599e-09	2.098691e-10	9.843149e+00	5.953051e+01
5.210000e-06	1.768500e-09	2.035372e-10	9.524672e+00	5.779750e+01
5.220000e-06	1.709285e-09	1.972430e-10	9.205570e+00	5.606124e+01
5.230000e-06	1.649947e-09	1.909613e-10	8.885800e+00	5.432190e+01
5.240000e-06	1.590480e-09	1.848521e-10	8.565339e+00	5.257959e+01
5.250000e-06	1.530887e-09	1.789493e-10	8.244195e+00	5.083438e+01
5.260000e-06	1.471173e-09	1.724150e-10	7.922380e+00	4.908632e+01
5.270000e-06	1.411342e-09	1.652742e-10	7.599915e+00	4.733543e+01
5.280000e-06	1.351390e-09	1.584079e-10	7.276798e+00	4.558170e+01
5.290000e-06	1.291321e-09	1.518970e-10	6.953048e+00	4.382510e+01
5.300000e-06	1.231138e-09	1.453985e-10	6.628689e+00	4.206557e+01
5.310000e-06	1.170854e-09	1.392780e-10	6.303791e+00	4.030308e+01
5.320000e-06	1.110488e-09	1.334752e-10	5.978456e+00	3.853755e+01
5.330000e-06	1.050053e-09	1.272687e-10	5.652749e+00	3.676893e+01
5.340000e-06	9.895518e-10	1.207389e-10	5.326692e+00	3.499719e+01
5.350000e-06	9.289834e-10	1.141221e-10	5.000272e+00	3.322231e+01
5.360000e-06	8.683481e-10	1.071515e-10	4.673495e+00	3.144428e+01
5.370000e-06	8.076487e-10	1.001985e-10	4.346381e+00	2.966314e+01
5.380000e-06	7.468858e-10	9.376534e-11	4.018939e+00	2.787895e+01
5.390000e-06	6.860606e-10	8.745551e-11	3.691169e+00	2.609181e+01
5.400000e-06	6.251739e-10	8.102596e-11	3.363077e+00	2.430187e+01
5.410000e-06	5.642342e-10	7.480995e-11	3.034696e+00	2.250933e+01
5.420000e-06	5.032531e-10	6.850194e-11	2.706081e+00	2.071439e+01
5.430000e-06	4.422355e-10	6.166179e-11	2.377272e+00	1.891733e+01
5.440000e-06	3.811869e-10	5.469535e-11	2.048299e+00	1.711847e+01
5.450000e-06	3.201199e-10	4.795155e-11	1.719229e+00	1.531814e+01
5.460000e-06	2.590476e-10	4.138689e-11	1.390133e+00	1.351673e+01
5.470000e-06	1.979777e-10	3.498602e-11	1.061056e+00	1.171462e+01
5.480000e-06	1.369120e-10	2.862856e-11	7.320043e-01	9.912252e+00
5.490000e-06	7.584721e-11	2.197666e-11	4.029544e-01	8.110053e+00
5.500000e-06	1.477959e-11	1.493580e-11	7.388540e-02	6.308468e+00
5.510000e-06	-4.629144e-11	7.950291e-12	-2.552062e-01	4.507937e+00
5.520000e-06	-1.073646e-10	1.429362e-12	-5.843124e-01	2.708891e+00
5.530000e-06	-1.684373e-10	-4.974177e-12	-9.134156e-01	9.117474e-01
5.540000e-06	-2.295038e-10	-1.149806e-11	-1.242481e+00	-8.831032e-01
5.550000e-06	-2.905573e-10	-1.792656e-11	-1.571472e+00	-2.675299e+00
5.560000e-06	-3.515926e-10	-2.416418e-11	-1.900362e+00	-4.464514e+00
5.570000e-06	-4.126073e-10	-3.036398e-11	-2.229147e+00	-6.250466e+00
5.580000e-06	-4.735949e-10	-3.712305e-11	-2.557787e+00	-8.032916e+00
5.590000e-06	-5.345431e-10	-4.449555e-11	-2.886205e+00	-9.811678e+00
5.600000e-06	-5.954398e-10	-5.175479e-11	-3.214340e+00	-1.158661e+01
5.610000e-06	-6.562788e-10	-5.819694e-11	-3.542173e+00	-1.335764e+01
5.620000e-06	-7.170542e-10	-6.392536e-11	-3.869673e+00	-1.512472e+01
5.630000e-06	-7.777640e-10	-6.977394e-11	-4.196823e+00	-1.688787e+01
5.640000e-06	-8.384084e-10	-7.588587e-11	-4.523622e+00	-1.864716e+01
5.650000e-06	-8.989902e-10	-8.224081e-11	-4.850084e+00	-2.040269e+01
5.660000e-06	-9.595137e-10	-8.872313e-11	-5.176234e+00	-2.215462e+01
5.670000e-06	-1.019969e-09	-9.513180e-11	-5.502023e+00	-2.390312e+01
5.680000e-06	-1.080347e-09	-1.017413e-10	-5.827409e+00	-2.564839e+01
5.690000e-06	-1.140641e-09	-1.084447e-10	-6.152345e+00	-2.739066e+01
5.700000e-06	-1.200843e-09	-1.147434e-10	-6.476789e+00	-2.913017e+01
5.710000e-06	-1.260946e-09	-1.205884e-10	-6.800702e+00	-3.086715e+01
5.720000e-06	-1.320941e-09	-1.263810e-10	-7.124031e+00	-3.260184e+01
5.730000e-06	-1.380823e-09	-1.325020e-10	-7.446737e+00	-3.433446e+01
5.740000e-06	-1.440582e-09	-1.389570e-10	-7.768773e+00	-3.606521e+01
5.750000e-06	-1.500215e-09	-1.453379e-10	-8.090120e+00	-3.779428e+01
5.760000e-06	-1.559721e-09	-1.513977e-10	-8.410779e+00	-3.952180e+01
5.770000e-06	-1.619101e-09	-1.573059e-10	-8.730756e+00	-4.124788e+01
5.780000e-06	-1.678357e-09	-1.632874e-10	-9.050064e+00	-4.297260e+01
5.790000e-06	-1.737498e-09	-1.693546e-10	-9.368746e+00	-4.469596e+01
5.800000e-06	-1.796528e-09	-1.755145e-10	-9.686837e+00	-4.641794e+01
5.810000e-06	-1.855451e-09	-1.817957e-10	-1.000435e+01	-4.813846e+01
5.820000e-06	-1.914263e-09	-1.880566e-10	-1.032126e+01	-4.985741e+01
5.830000e-06	-1.972953e-09	-1.942443e-10	-1.063751e+01	-5.157460e+01
5.840000e-06	-2.031510e-09	-2.004535e-10	-1.095304e+01	-5.328982e+01
5.850000e-06	-2.089922e-09	-2.064894e-10	-1.126780e+01	-5.500281e+01
5.860000e-06	-2.148190e-09	-2.123108e-10	-1.158177e+01	-5.671326e+01
5.870000e-06	-2.206313e-09	-2.185013e-10	-1.189497e+01	-5.842085e+01
5.880000e-06	-2.264292e-09	-2.250953e-10	-1.220737e+01	-6.012522e+01
5.890000e-06	-2.322116e-09	-2.314608e-10	-1.251895e+01	-6.182598e+01
5.900000e-06	-2.379764e-09	-2.376447e-10	-1.282958e+01	-6.352273e+01
5.910000e-06	-2.437218e-09	-2.438868e-10	-1.313919e+01	-6.521508e+01
5.920000e-06	-2.494472e-09	-2.500583e-10	-1.344772e+01	-6.690260e+01
5.930000e-06	-2.551520e-09	-2.560364e-10	-1.375515e+01	-6.858489e+01
5.940000e-06	-2.608360e-09	-2.618499e-10	-1.406146e+01	-7.026155e+01
5.950000e-06	-2.664989e-09	-2.677297e-10	-1.436663e+01	-7.193220e+01
5.960000e-06	-2.721394e-09	-2.739254e-10	-1.467058e+01	-7.359647e+01
5.970000e-06	-2.777562e-09	-2.803879e-10	-1.497326e+01	-7.525402e+01
5.980000e-06	-2.833497e-09	-2.865407e-10	-1.527468e+01	-7.690454e+01
5.990000e-06	-2.889205e-09	-2.922167e-10	-1.557487e+01	-7.854773e+01
6.000000e-06	-2.944696e-09	-2.979441e-10	-1.587388e+01	-8.018335e+01
6.010000e-06	-2.999965e-09	-3.037958e-10	-1.617170e+01	-8.181116e+01
6.020000e-06	-3.055015e-09	-3.095145e-10	-1.646834e+01	-8.343097e+01
6.030000e-06	-3.109863e-09	-3.153071e-10	-1.676386e+01	-8.504262e+01
6.040000e-06	-3.164516e-09	-3.212458e-10	-1.705834e+01	-8.664597e+01
6.050000e-06	-3.218961e-09	-3.269307e-10	-1.735170e+01	-8.824091e+01
6.060000e-06	-3.273178e-09	-3.325811e-10	-1.764386e+01	-8.982734e+01
6.070000e-06	-3.327147e-09	-3.386381e-10	-1.793469e+01	-9.140520e+01
6.080000e-06	-3.380854e-09	-3.446533e-10	-1.822411e+01	-9.297442e+01
6.090000e-06	-3.434296e-09	-3.502740e-10	-1.851209e+01	-9.453497e+01
6.100000e-06	-3.487474e-09	-3.557233e-10	-1.879865e+01	-9.608679e+01
6.110000e-06	-3.540392e-09	-3.611451e-10	-1.908379e+01	-9.762985e+01
6.120000e-06	-3.593056e-09	-3.666475e-10	-1.936756e+01	-9.916410e+01
6.130000e-06	-3.645471e-09	-3.725461e-10	-1.964999e+01	-1.006895e+02
6.140000e-06	-3.697636e-09	-3.785397e-10	-1.993107e+01	-1.022060e+02
6.150000e-06	-3.749545e-09	-3.840652e-10	-2.021077e+01	-1.037135e+02
6.160000e-06	-3.801206e-09	-3.893939e-10	-2.048913e+01	-1.052120e+02
6.170000e-06	-3.852628e-09	-3.947249e-10	-2.076621e+01	-1.067013e+02
6.180000e-06	-3.903814e-09	-3.999460e-10	-2.104201e+01	-1.081813e+02
6.190000e-06	-3.954736e-09	-4.050795e-10	-2.131640e+01	-1.096520e+02
6.200000e-06	-4.005356e-09	-4.100395e-10	-2.158918e+01	-1.111131e+02
6.210000e-06	-4.055655e-09	-4.149206e-10	-2.186022e+01	-1.125645e+02
6.220000e-06	-4.105631e-09	-4.203289e-10	-2.212953e+01	-1.140060e+02
6.230000e-06	-4.155290e-09	-4.263844e-10	-2.239711e+01	-1.154375e+02
6.240000e-06	-4.204643e-09	-4.324342e-10	-2.266303e+01	-1.168589e+02
6.250000e-06	-4.253687e-09	-4.378715e-10	-2.292730e+01	-1.182698e+02
6.260000e-06	-4.302420e-09	-4.424810e-10	-2.318988e+01	-1.196701e+02
6.270000e-06	-4.350852e-09	-4.465126e-10	-2.345083e+01	-1.210598e+02
6.280000e-06	-4.398987e-09	-4.506328e-10	-2.371018e+01	-1.224385e+02
6.290000e-06	-4.446802e-09	-4.552670e-10	-2.396782e+01	-1.238062e+02
6.300000e-06	-4.494249e-09	-4.601038e-10	-2.422349e+01	-1.251627e+02
6.310000e-06	-4.541300e-09	-4.650271e-10	-2.447702e+01	-1.265080e+02
6.320000e-06	-4.587959e-09	-4.705210e-10	-2.472844e+01	-1.278419e+02
6.330000e-06	-4.634253e-09	-4.762955e-10	-2.497788e+01	-1.291645e+02
6.340000e-06	-4.680193e-09	-4.813627e-10	-2.522542e+01	-1.304756e+02
6.350000e-06	-4.725754e-09	-4.853120e-10	-2.547094e+01	-1.317754e+02
6.360000e-06	-4.770894e-09	-4.887101e-10	-2.571420e+01	-1.330637e+02
6.370000e-06	-4.815611e-09	-4.924750e-10	-2.595517e+01	-1.343408e+02
6.380000e-06	-4.859944e-09	-4.969228e-10	-2.619406e+01	-1.356067e+02
6.390000e-06	-4.903932e-09	-5.017655e-10	-2.643107e+01	-1.368614e+02
6.400000e-06	-4.947603e-09	-5.065774e-10	-2.666637e+01	-1.381052e+02
6.410000e-06	-4.990968e-09	-5.112613e-10	-2.690001e+01	-1.393381e+02
6.420000e-06	-5.034019e-09	-5.160425e-10	-2.713197e+01	-1.405604e+02
6.430000e-06	-5.076742e-09	-5.208295e-10	-2.736217e+01	-1.417722e+02
6.440000e-06	-5.119119e-09	-5.250127e-10	-2.759049e+01	-1.429737e+02
6.450000e-06	-5.161141e-09	-5.282343e-10	-2.781690e+01	-1.441650e+02
6.460000e-06	-5.202807e-09	-5.310390e-10	-2.804139e+01	-1.453464e+02
6.470000e-06	-5.244083e-09	-5.344884e-10	-2.826380e+01	-1.465180e+02
6.480000e-06	-5.284929e-09	-5.390250e-10	-2.848388e+01	-1.476798e+02
6.490000e-06	-5.325342e-09	-5.440490e-10	-2.870162e+01	-1.488321e+02
6.500000e-06	-5.365365e-09	-5.487592e-10	-2.891725e+01	-1.499748e+02
6.510000e-06	-5.405037e-09	-5.530816e-10	-2.913099e+01	-1.511081e+02
6.520000e-06	-5.444353e-09	-5.573855e-10	-2.934281e+01	-1.522320e+02
6.530000e-06	-5.483301e-09	-5.612212e-10	-2.955266e+01	-1.533464e+02
6.540000e-06	-5.521901e-09	-5.642006e-10	-2.976061e+01	-1.544513e+02
6.550000e-06	-5.560147e-09	-5.669055e-10	-2.996666e+01	-1.555465e+02
6.560000e-06	-5.597978e-09	-5.701108e-10	-3.017050e+01	-1.566321e+02
6.570000e-06	-5.635343e-09	-5.743823e-10	-3.037180e+01	-1.577078e+02
6.580000e-06	-5.672257e-09	-5.794056e-10	-3.057067e+01	-1.587733e+02
6.590000e-06	-5.708757e-09	-5.839860e-10	-3.076732e+01	-1.598285e+02
6.600000e-06	-5.744851e-09	-5.876225e-10	-3.096177e+01	-1.608732e+02
6.610000e-06	-5.780546e-09	-5.909535e-10	-3.115408e+01	-1.619070e+02
6.620000e-06	-5.815884e-09	-5.943200e-10	-3.134445e+01	-1.629297e+02
6.630000e-06	-5.850859e-09	-5.975742e-10	-3.153288e+01	-1.639409e+02
6.640000e-06	-5.885387e-09	-6.006318e-10	-3.171891e+01	-1.649403e+02
6.650000e-06	-5.919422e-09	-6.036884e-10	-3.190228e+01	-1.659277e+02
6.660000e-06	-5.953017e-09	-6.073052e-10	-3.208326e+01	-1.669027e+02
6.670000e-06	-5.986216e-09	-6.114694e-10	-3.226212e+01	-1.678650e+02
6.680000e-06	-6.019015e-09	-6.152609e-10	-3.243881e+01	-1.688144e+02
6.690000e-06	-6.051408e-09	-6.184344e-10	-3.261332e+01	-1.697505e+02
6.700000e-06	-6.083401e-09	-6.215600e-10	-3.278568e+01	-1.706732e+02
6.710000e-06	-6.114941e-09	-6.248167e-10	-3.295559e+01	-1.715822e+02
6.720000e-06	-6.145951e-09	-6.279521e-10	-3.312263e+01	-1.724774e+02
6.730000e-06	-6.176433e-09	-6.309639e-10	-3.328684e+01	-1.733585e+02
6.740000e-06	-6.206441e-09	-6.339451e-10	-3.344850e+01	-1.742255e+02
6.750000e-06	-6.236003e-09	-6.369727e-10	-3.360776e+01	-1.750782e+02
6.760000e-06	-6.265151e-09	-6.404452e-10	-3.376478e+01	-1.759167e+02
6.770000e-06	-6.293908e-09	-6.440887e-10	-3.391971e+01	-1.767408e+02
6.780000e-06	-6.322205e-09	-6.469717e-10	-3.407218e+01	-1.775505e+02
6.790000e-06	-6.349963e-09	-6.490208e-10	-3.422173e+01	-1.783460e+02
6.800000e-06	-6.377235e-09	-6.510885e-10	-3.436865e+01	-1.791271e+02
6.810000e-06	-6.404085e-09	-6.537183e-10	-3.451329e+01	-1.798939e+02
6.820000e-06	-6.430501e-09	-6.566190e-10	-3.465560e+01	-1.806466e+02
6.830000e-06	-6.456487e-09	-6.593816e-10	-3.479559e+01	-1.813851e+02
6.840000e-06	-6.482056e-09	-6.622037e-10	-3.493334e+01	-1.821095e+02
6.850000e-06	-6.507131e-09	-6.650148e-10	-3.506844e+01	-1.828198e+02
6.860000e-06	-6.531645e-09	-6.674072e-10	-3.520051e+01	-1.835161e+02
6.870000e-06	-6.555688e-09	-6.696973e-10	-3.533003e+01	-1.841985e+02
6.880000e-06	-6.579326e-09	-6.720239e-10	-3.545738e+01	-1.848669e+02
6.890000e-06	-6.602515e-09	-6.741643e-10	-3.558231e+01	-1.855213e+02
6.900000e-06	-6.625251e-09	-6.763286e-10	-3.570478e+01	-1.861617e+02
6.910000e-06	-6.647544e-09	-6.785561e-10	-3.582487e+01	-1.867881e+02
6.920000e-06	-6.669298e-09	-6.806016e-10	-3.594207e+01	-1.874003e+02
6.930000e-06	-6.690444e-09	-6.826844e-10	-3.605597e+01	-1.879982e+02
6.940000e-06	-6.711042e-09	-6.852249e-10	-3.616693e+01	-1.885818e+02
6.950000e-06	-6.731092e-09	-6.878145e-10	-3.627495e+01	-1.891508e+02
6.960000e-06	-6.750502e-09	-6.899159e-10	-3.637952e+01	-1.897051e+02
6.970000e-06	-6.769319e-09	-6.914610e-10	-3.648088e+01	-1.902446e+02
6.980000e-06	-6.787689e-09	-6.927918e-10	-3.657984e+01	-1.907689e+02
6.990000e-06	-6.805660e-09	-6.941272e-10	-3.667665e+01	-1.912779e+02
7.000000e-06	-6.823251e-09	-6.952032e-10	-3.677140e+01	-1.917714e+02
7.010000e-06	-6.840448e-09	-6.964585e-10	-3.686403e+01	-1.922492e+02
7.020000e-06	-6.857193e-09	-6.984779e-10	-3.695422e+01	-1.927110e+02
7.030000e-06	-6.873495e-09	-7.009243e-10	-3.704202e+01	-1.931568e+02
7.040000e-06	-6.889367e-09	-7.031459e-10	-3.712752e+01	-1.935863e+02
7.050000e-06	-6.904704e-09	-7.047175e-10	-3.721012e+01	-1.939993e+02
7.060000e-06	-6.919457e-09	-7.055388e-10	-3.728957e+01	-1.943958e+02
7.070000e-06	-6.933726e-09	-7.060190e-10	-3.736641e+01	-1.947757e+02
7.080000e-06	-6.947533e-09	-7.067500e-10	-3.744078e+01	-1.951389e+02
7.090000e-06	-6.960847e-09	-7.077790e-10	-3.751248e+01	-1.954854e+02
7.100000e-06	-6.973687e-09	-7.089143e-10	-3.758163e+01	-1.958153e+02
7.110000e-06	-6.985999e-09	-7.101585e-10	-3.764793e+01	-1.961285e+02
7.120000e-06	-6.997719e-09	-7.115724e-10	-3.771102e+01	-1.964253e+02
7.130000e-06	-7.008929e-09	-7.130327e-10	-3.777138e+01	-1.967057e+02
7.140000e-06	-7.019681e-09	-7.143435e-10	-3.782928e+01	-1.969699e+02
7.150000e-06	-7.029938e-09	-7.153008e-10	-3.788449e+01	-1.972182e+02
7.160000e-06	-7.039735e-09	-7.156812e-10	-3.793723e+01	-1.974508e+02
7.170000e-06	-7.049079e-09	-7.159423e-10	-3.798754e+01	-1.976680e+02
7.180000e-06	-7.057855e-09	-7.166096e-10	-3.803478e+01	-1.978700e+02
7.190000e-06	-7.066066e-09	-7.174325e-10	-3.807897e+01	-1.980573e+02
7.200000e-06	-7.073807e-09	-7.181068e-10	-3.812064e+01	-1.982301e+02
7.210000e-06	-7.081076e-09	-7.189115e-10	-3.815976e+01	-1.983888e+02
7.220000e-06	-7.087869e-09	-7.199722e-10	-3.819632e+01	-1.985338e+02
7.230000e-06	-7.094175e-09	-7.210360e-10	-3.823026e+01	-1.986655e+02
7.240000e-06	-7.099880e-09	-7.218514e-10	-3.826093e+01	-1.987841e+02
7.250000e-06	-7.104948e-09	-7.221121e-10	-3.828818e+01	-1.988902e+02
7.260000e-06	-7.109473e-09	-7.219368e-10	-3.831250e+01	-1.989841e+02
7.270000e-06	-7.113496e-09	-7.219540e-10	-3.833412e+01	-1.990661e+02
7.280000e-06	-7.117047e-09	-7.224796e-10	-3.835321e+01	-1.991366e+02
7.290000e-06	-7.120151e-09	-7.231953e-10	-3.836989e+01	-1.991959e+02
7.300000e-06	-7.122717e-09	-7.237238e-10	-3.838366e+01	-1.992445e+02
7.310000e-06	-7.124694e-09	-7.240817e-10	-3.839426e+01	-1.992827e+02
7.320000e-06	-7.126182e-09	-7.243562e-10	-3.840222e+01	-1.993108e+02
7.330000e-06	-7.127221e-09	-7.244609e-10	-3.840777e+01	-1.993292e+02
7.340000e-06	-7.127768e-09	-7.244867e-10	-3.841066e+01	-1.993382e+02
