# Configuracion:
# Concentracion g/m^3_=_10000.0
# C_Vs_to_Am_M_A/Vsm_=_254322799225.57578
# pendiente_HvsI_1/m_=_3716.3
# ordenada_HvsI_A/m_=_1297.0
# frecuencia_ref_Hz_=_136153.19596218583
# 
Resultados:
# tau_s_=_(4.28+/-1.51)e-08
# dphi_rad_=_6.32+/-0.01
# SAR_W/g_=_15.51+/-5.41
# Hc_kA/m_=_1.09+/-0.38
# Mr_A/m_=_5.93+/-2.06
# Suceptibilidad_a_M=0_=_0.0054+/-0.0004

Nombre_archivo	Time_m	Temperatura_(ºC)	Mr_(A/m)	Hc_(kA/m)	Campo_max_(A/m)	Mag_max_(A/m)	f0	mag0	dphi0	SAR_(W/g)	Tau_(s)	N	xi_M_0
135kHz_100dA_100Mss_PM016.txt	26/06/2024 14:22:30	19.6	6.44	1.20	38460.00	195.54	1.361470e+05	1.494302e+00	6.323980e+00	17.00	4.771909e-08	4407	5.329e-03
135kHz_100dA_100Mss_PM017.txt	26/06/2024 14:22:30	19.6	8.00	1.46	38460.00	200.63	1.361470e+05	1.530875e+00	6.331971e+00	20.82	5.707947e-08	4407	5.474e-03
135kHz_100dA_100Mss_PM018.txt	26/06/2024 14:22:31	19.6	5.80	1.03	38460.00	205.72	1.361470e+05	1.566305e+00	6.317925e+00	15.17	4.062941e-08	4407	5.605e-03
135kHz_100dA_100Mss_PM019.txt	26/06/2024 14:22:32	19.7	6.26	1.09	38460.00	208.58	1.361470e+05	1.590308e+00	6.320533e+00	16.56	4.368342e-08	4407	5.718e-03
135kHz_100dA_100Mss_PM020.txt	26/06/2024 14:22:32	19.7	5.27	0.97	38460.00	198.08	1.361470e+05	1.507881e+00	6.316462e+00	13.99	3.891771e-08	4407	5.415e-03
135kHz_100dA_100Mss_PM021.txt	26/06/2024 14:22:33	19.7	3.52	0.64	38460.00	202.64	1.361470e+05	1.531916e+00	6.304157e+00	8.96	2.452069e-08	4407	5.517e-03
135kHz_100dA_100Mss_PM022.txt	26/06/2024 14:22:33	19.7	3.42	0.63	38460.00	200.40	1.361470e+05	1.516472e+00	6.305001e+00	9.23	2.550800e-08	4407	5.445e-03
135kHz_100dA_100Mss_PM023.txt	26/06/2024 14:22:34	19.7	4.51	0.81	38460.00	205.50	1.361470e+05	1.558495e+00	6.310402e+00	11.83	3.182571e-08	4407	5.547e-03
135kHz_100dA_100Mss_PM024.txt	26/06/2024 14:22:34	19.7	5.06	0.92	38460.00	201.67	1.361470e+05	1.534570e+00	6.314306e+00	13.32	3.639357e-08	4407	5.510e-03
135kHz_100dA_100Mss_PM025.txt	26/06/2024 14:22:35	19.7	3.91	0.71	38460.00	203.26	1.361162e+05	1.538533e+00	6.308922e+00	11.04	3.009510e-08	4408	5.496e-03
135kHz_100dA_100Mss_PM026.txt	26/06/2024 14:22:35	19.7	5.28	0.96	38460.00	200.61	1.361470e+05	1.524071e+00	6.315378e+00	13.68	3.764900e-08	4407	5.467e-03
135kHz_100dA_100Mss_PM027.txt	26/06/2024 14:22:36	19.7	6.07	1.09	38460.00	203.58	1.361162e+05	1.547921e+00	6.319800e+00	15.80	4.282501e-08	4408	5.561e-03
135kHz_100dA_100Mss_PM028.txt	26/06/2024 14:22:36	19.7	4.01	0.74	38460.00	199.82	1.361470e+05	1.511850e+00	6.306791e+00	9.95	2.760226e-08	4407	5.418e-03
135kHz_100dA_100Mss_PM029.txt	26/06/2024 14:22:37	19.7	7.77	1.40	38460.00	201.38	1.361470e+05	1.541422e+00	6.330181e+00	20.20	5.498153e-08	4407	5.508e-03
135kHz_100dA_100Mss_PM030.txt	26/06/2024 14:22:37	19.7	3.50	0.63	38460.00	205.33	1.361162e+05	1.548693e+00	6.303741e+00	8.88	2.403514e-08	4408	5.550e-03
135kHz_100dA_100Mss_PM031.txt	26/06/2024 14:22:38	19.7	6.88	1.26	38460.00	198.39	1.361470e+05	1.514387e+00	6.324250e+00	17.34	4.803500e-08	4407	5.448e-03
135kHz_100dA_100Mss_PM032.txt	26/06/2024 14:22:38	19.7	7.86	1.40	38460.00	204.76	1.361162e+05	1.565430e+00	6.329894e+00	20.38	5.464621e-08	4408	5.577e-03
135kHz_100dA_100Mss_PM033.txt	26/06/2024 14:22:39	19.7	5.49	0.97	38460.00	208.85	1.361470e+05	1.583768e+00	6.314835e+00	13.98	3.701364e-08	4407	5.665e-03
135kHz_100dA_100Mss_PM034.txt	26/06/2024 14:22:39	19.7	5.72	1.03	38460.00	204.15	1.361470e+05	1.552632e+00	6.317592e+00	14.90	4.023934e-08	4407	5.552e-03
135kHz_100dA_100Mss_PM035.txt	26/06/2024 14:22:40	19.7	6.20	1.07	38460.00	212.46	1.361470e+05	1.616022e+00	6.318911e+00	16.10	4.178379e-08	4407	5.801e-03
135kHz_100dA_100Mss_PM036.txt	26/06/2024 14:22:40	19.7	4.69	0.84	38460.00	206.06	1.361470e+05	1.562174e+00	6.311302e+00	12.25	3.287939e-08	4407	5.608e-03
135kHz_100dA_100Mss_PM037.txt	26/06/2024 14:22:41	19.8	5.29	0.97	38460.00	200.67	1.361162e+05	1.525986e+00	6.315399e+00	13.70	3.767279e-08	4408	5.464e-03
135kHz_100dA_100Mss_PM038.txt	26/06/2024 14:22:42	19.8	4.55	0.83	38460.00	203.14	1.361162e+05	1.541294e+00	6.311341e+00	12.10	3.292438e-08	4408	5.500e-03
135kHz_100dA_100Mss_PM039.txt	26/06/2024 14:22:42	19.8	6.20	1.08	38460.00	210.73	1.361470e+05	1.603212e+00	6.319673e+00	16.31	4.267568e-08	4407	5.740e-03
135kHz_100dA_100Mss_PM040.txt	26/06/2024 14:22:43	19.8	4.41	0.82	38460.00	196.82	1.361470e+05	1.493014e+00	6.312434e+00	12.18	3.420291e-08	4407	5.335e-03
135kHz_100dA_100Mss_PM041.txt	26/06/2024 14:22:43	19.8	5.36	1.00	38460.00	196.98	1.361162e+05	1.498538e+00	6.317043e+00	14.14	3.959650e-08	4408	5.357e-03
135kHz_100dA_100Mss_PM042.txt	26/06/2024 14:22:44	19.8	5.62	1.00	38460.00	207.17	1.361162e+05	1.574850e+00	6.317725e+00	15.16	4.039564e-08	4408	5.599e-03
135kHz_100dA_100Mss_PM043.txt	26/06/2024 14:22:44	19.8	6.48	1.20	38460.00	196.24	1.361162e+05	1.500759e+00	6.324440e+00	17.26	4.825692e-08	4408	5.358e-03
135kHz_100dA_100Mss_PM044.txt	26/06/2024 14:22:45	19.8	5.69	1.05	38460.00	198.91	1.361162e+05	1.514054e+00	6.318126e+00	14.75	4.086494e-08	4408	5.422e-03
135kHz_100dA_100Mss_PM045.txt	26/06/2024 14:22:45	19.8	6.82	1.22	38460.00	204.52	1.361162e+05	1.559417e+00	6.324235e+00	17.84	4.801682e-08	4408	5.581e-03
135kHz_100dA_100Mss_PM046.txt	26/06/2024 14:22:46	19.8	4.92	0.92	38460.00	197.40	1.361162e+05	1.498547e+00	6.314236e+00	12.97	3.631245e-08	4408	5.343e-03
135kHz_100dA_100Mss_PM047.txt	26/06/2024 14:22:46	19.8	7.84	1.45	38460.00	197.15	1.361470e+05	1.507271e+00	6.332496e+00	20.72	5.769418e-08	4407	5.395e-03
135kHz_100dA_100Mss_PM048.txt	26/06/2024 14:22:47	19.8	5.03	0.91	38460.00	201.51	1.361162e+05	1.531785e+00	6.314892e+00	13.54	3.707983e-08	4408	5.487e-03
135kHz_100dA_100Mss_PM049.txt	26/06/2024 14:22:47	19.8	4.27	0.78	38460.00	199.95	1.361470e+05	1.517218e+00	6.310282e+00	11.46	3.168579e-08	4407	5.440e-03
135kHz_100dA_100Mss_PM050.txt	26/06/2024 14:22:48	19.9	7.18	1.26	38460.00	208.30	1.361470e+05	1.590323e+00	6.325297e+00	18.67	4.925948e-08	4407	5.676e-03
135kHz_100dA_100Mss_PM051.txt	26/06/2024 14:22:48	19.9	6.96	1.27	38460.00	199.72	1.361470e+05	1.526577e+00	6.325604e+00	18.06	4.961998e-08	4407	5.462e-03
135kHz_100dA_100Mss_PM052.txt	26/06/2024 14:22:49	19.9	6.15	1.08	38460.00	206.49	1.361470e+05	1.571696e+00	6.318332e+00	15.40	4.110564e-08	4407	5.662e-03
135kHz_100dA_100Mss_PM053.txt	26/06/2024 14:22:49	19.9	6.22	1.12	38460.00	202.79	1.361162e+05	1.547441e+00	6.320867e+00	16.26	4.407277e-08	4408	5.542e-03
135kHz_100dA_100Mss_PM054.txt	26/06/2024 14:22:50	19.9	5.78	0.99	38460.00	212.66	1.361470e+05	1.618175e+00	6.315942e+00	14.78	3.830797e-08	4407	5.813e-03
135kHz_100dA_100Mss_PM055.txt	26/06/2024 14:22:50	19.9	6.22	1.14	38460.00	200.04	1.361162e+05	1.525545e+00	6.321277e+00	16.20	4.455300e-08	4408	5.455e-03
135kHz_100dA_100Mss_PM056.txt	26/06/2024 14:22:51	19.9	5.14	0.96	38460.00	195.83	1.361162e+05	1.490144e+00	6.316026e+00	13.64	3.840628e-08	4408	5.358e-03
135kHz_100dA_100Mss_PM057.txt	26/06/2024 14:22:52	19.9	6.38	1.15	38460.00	202.48	1.361162e+05	1.545978e+00	6.321264e+00	16.41	4.453790e-08	4408	5.564e-03
135kHz_100dA_100Mss_PM058.txt	26/06/2024 14:22:52	19.9	9.39	1.63	38460.00	211.77	1.361162e+05	1.615581e+00	6.337408e+00	24.42	6.345151e-08	4408	5.736e-03
135kHz_100dA_100Mss_PM059.txt	26/06/2024 14:22:53	19.9	4.18	0.72	38460.00	214.20	1.361162e+05	1.621856e+00	6.307520e+00	11.00	2.845372e-08	4408	5.813e-03
135kHz_100dA_100Mss_PM060.txt	26/06/2024 14:22:53	19.9	7.24	1.29	38460.00	202.98	1.361470e+05	1.551584e+00	6.326827e+00	18.88	5.105272e-08	4407	5.572e-03
135kHz_100dA_100Mss_PM061.txt	26/06/2024 14:22:54	19.8	4.67	0.81	38460.00	213.25	1.361470e+05	1.615070e+00	6.310552e+00	12.33	3.200054e-08	4407	5.791e-03
135kHz_100dA_100Mss_PM062.txt	26/06/2024 14:22:54	19.8	8.19	1.41	38460.00	210.46	1.361470e+05	1.611468e+00	6.329768e+00	20.93	5.449709e-08	4407	5.780e-03
135kHz_100dA_100Mss_PM063.txt	26/06/2024 14:22:55	19.8	8.40	1.49	38460.00	206.59	1.361470e+05	1.582507e+00	6.332705e+00	21.85	5.793865e-08	4407	5.609e-03
135kHz_100dA_100Mss_PM064.txt	26/06/2024 14:22:55	19.8	7.08	1.27	38460.00	203.62	1.361470e+05	1.553879e+00	6.325112e+00	18.17	4.904402e-08	4407	5.557e-03
135kHz_100dA_100Mss_PM065.txt	26/06/2024 14:22:56	19.9	2.39	0.43	38460.00	205.75	1.361162e+05	1.549819e+00	6.298500e+00	6.62	1.790508e-08	4408	5.564e-03
135kHz_100dA_100Mss_PM066.txt	26/06/2024 14:22:56	19.9	8.35	1.47	38460.00	207.64	1.361470e+05	1.590399e+00	6.332175e+00	21.72	5.731716e-08	4407	5.679e-03
135kHz_100dA_100Mss_PM067.txt	26/06/2024 14:22:57	19.9	7.06	1.24	38460.00	208.05	1.361470e+05	1.587687e+00	6.324976e+00	18.50	4.888386e-08	4407	5.685e-03
135kHz_100dA_100Mss_PM068.txt	26/06/2024 14:22:57	19.9	5.92	1.06	38460.00	205.31	1.361162e+05	1.562423e+00	6.317936e+00	15.14	4.064090e-08	4408	5.577e-03
135kHz_100dA_100Mss_PM069.txt	26/06/2024 14:22:58	19.9	7.55	1.32	38460.00	208.13	1.361162e+05	1.592471e+00	6.326894e+00	19.40	5.113010e-08	4408	5.729e-03
135kHz_100dA_100Mss_PM070.txt	26/06/2024 14:22:58	19.9	5.06	0.87	38460.00	212.84	1.361470e+05	1.615449e+00	6.311867e+00	12.92	3.353927e-08	4407	5.799e-03
135kHz_100dA_100Mss_PM071.txt	26/06/2024 14:22:59	19.9	5.33	0.91	38460.00	214.39	1.361470e+05	1.626545e+00	6.312614e+00	13.35	3.441306e-08	4407	5.859e-03
135kHz_100dA_100Mss_PM072.txt	26/06/2024 14:22:59	19.9	6.86	1.27	38460.00	196.41	1.361470e+05	1.506653e+00	6.326223e+00	18.08	5.034454e-08	4407	5.401e-03
135kHz_100dA_100Mss_PM073.txt	26/06/2024 14:23:00	19.9	5.54	0.96	38460.00	210.80	1.361470e+05	1.601389e+00	6.315026e+00	14.22	3.723558e-08	4407	5.737e-03
135kHz_100dA_100Mss_PM074.txt	26/06/2024 14:23:00	19.9	6.31	1.15	38460.00	199.49	1.361470e+05	1.525794e+00	6.322508e+00	16.73	4.599352e-08	4407	5.474e-03
135kHz_100dA_100Mss_PM075.txt	26/06/2024 14:23:01	19.9	5.00	0.90	38460.00	202.80	1.361470e+05	1.541336e+00	6.312993e+00	12.81	3.485636e-08	4407	5.529e-03
135kHz_100dA_100Mss_PM076.txt	26/06/2024 14:23:02	19.9	4.42	0.78	38460.00	208.63	1.361162e+05	1.580783e+00	6.309027e+00	11.39	3.021637e-08	4408	5.684e-03
135kHz_100dA_100Mss_PM077.txt	26/06/2024 14:23:02	19.9	3.60	0.66	38460.00	202.47	1.361470e+05	1.531021e+00	6.304923e+00	9.28	2.541578e-08	4407	5.485e-03
135kHz_100dA_100Mss_PM078.txt	26/06/2024 14:23:03	19.9	8.14	1.46	38460.00	205.47	1.361162e+05	1.572848e+00	6.331936e+00	21.37	5.703765e-08	4408	5.560e-03
135kHz_100dA_100Mss_PM079.txt	26/06/2024 14:23:03	19.9	9.37	1.63	38460.00	211.11	1.361470e+05	1.608724e+00	6.338184e+00	24.66	6.436042e-08	4407	5.737e-03
135kHz_100dA_100Mss_PM080.txt	26/06/2024 14:23:04	19.9	5.78	1.05	38460.00	200.62	1.361162e+05	1.528486e+00	6.318198e+00	14.92	4.094713e-08	4408	5.471e-03
135kHz_100dA_100Mss_PM081.txt	26/06/2024 14:23:04	19.9	6.32	1.17	38460.00	199.67	1.361470e+05	1.523796e+00	6.321670e+00	16.35	4.501263e-08	4407	5.413e-03
135kHz_100dA_100Mss_PM082.txt	26/06/2024 14:23:05	19.9	5.94	1.05	38460.00	207.79	1.361162e+05	1.580572e+00	6.318568e+00	15.59	4.138148e-08	4408	5.656e-03
135kHz_100dA_100Mss_PM083.txt	26/06/2024 14:23:05	19.9	5.95	1.08	38460.00	200.92	1.361162e+05	1.532910e+00	6.319279e+00	15.42	4.221317e-08	4408	5.489e-03
135kHz_100dA_100Mss_PM084.txt	26/06/2024 14:23:06	19.9	4.52	0.78	38460.00	212.87	1.361162e+05	1.613055e+00	6.309893e+00	12.01	3.122998e-08	4408	5.778e-03
135kHz_100dA_100Mss_PM085.txt	26/06/2024 14:23:06	19.9	5.74	1.02	38460.00	206.90	1.361470e+05	1.574692e+00	6.317843e+00	15.22	4.053260e-08	4407	5.637e-03
135kHz_100dA_100Mss_PM086.txt	26/06/2024 14:23:07	19.9	7.85	1.41	38460.00	203.27	1.361470e+05	1.554540e+00	6.329087e+00	19.89	5.369742e-08	4407	5.553e-03
135kHz_100dA_100Mss_PM087.txt	26/06/2024 14:23:07	19.9	5.64	0.99	38460.00	209.15	1.361470e+05	1.589980e+00	6.316178e+00	14.63	3.858385e-08	4407	5.700e-03
135kHz_100dA_100Mss_PM088.txt	26/06/2024 14:23:08	19.9	8.40	1.54	38460.00	199.25	1.361470e+05	1.524369e+00	6.334917e+00	21.98	6.052888e-08	4407	5.433e-03
135kHz_100dA_100Mss_PM089.txt	26/06/2024 14:23:08	19.9	6.40	1.15	38460.00	204.30	1.361162e+05	1.558593e+00	6.321849e+00	16.80	4.522124e-08	4408	5.566e-03
135kHz_100dA_100Mss_PM090.txt	26/06/2024 14:23:09	19.9	1.91	0.34	38460.00	209.16	1.361470e+05	1.574343e+00	6.294662e+00	5.04	1.341744e-08	4407	5.674e-03
135kHz_100dA_100Mss_PM091.txt	26/06/2024 14:23:10	19.9	5.72	1.02	38460.00	204.95	1.361470e+05	1.560674e+00	6.317014e+00	14.72	3.956157e-08	4407	5.587e-03
135kHz_100dA_100Mss_PM092.txt	26/06/2024 14:23:10	19.9	2.85	0.52	38460.00	204.32	1.361470e+05	1.543321e+00	6.300853e+00	7.60	2.065619e-08	4407	5.521e-03
135kHz_100dA_100Mss_PM093.txt	26/06/2024 14:23:11	19.9	6.72	1.26	38460.00	195.60	1.361162e+05	1.497390e+00	6.325017e+00	17.46	4.893123e-08	4408	5.331e-03
135kHz_100dA_100Mss_PM094.txt	26/06/2024 14:23:11	19.9	6.55	1.21	38460.00	197.03	1.361470e+05	1.508108e+00	6.323715e+00	17.04	4.740500e-08	4407	5.395e-03
135kHz_100dA_100Mss_PM095.txt	26/06/2024 14:23:12	20.0	7.76	1.46	38460.00	192.96	1.361162e+05	1.479268e+00	6.331727e+00	20.01	5.678981e-08	4408	5.284e-03
135kHz_100dA_100Mss_PM096.txt	26/06/2024 14:23:13	20.0	6.00	1.11	38460.00	197.11	1.361470e+05	1.505513e+00	6.320181e+00	15.53	4.326749e-08	4407	5.408e-03
135kHz_100dA_100Mss_PM097.txt	26/06/2024 14:23:13	20.0	7.49	1.36	38460.00	201.26	1.361470e+05	1.539810e+00	6.327600e+00	19.07	5.195507e-08	4407	5.496e-03
135kHz_100dA_100Mss_PM098.txt	26/06/2024 14:23:14	20.0	7.16	1.32	38460.00	196.84	1.361470e+05	1.507363e+00	6.327323e+00	18.55	5.163160e-08	4407	5.409e-03
135kHz_100dA_100Mss_PM099.txt	26/06/2024 14:23:14	20.0	8.15	1.46	38460.00	201.57	1.361470e+05	1.545427e+00	6.332612e+00	21.30	5.782772e-08	4407	5.553e-03
135kHz_100dA_100Mss_PM100.txt	26/06/2024 14:23:15	20.0	7.03	1.24	38460.00	206.19	1.361470e+05	1.577010e+00	6.324462e+00	18.15	4.827975e-08	4407	5.640e-03
135kHz_100dA_100Mss_PM101.txt	26/06/2024 14:23:15	20.0	3.87	0.72	38460.00	196.80	1.361470e+05	1.494878e+00	6.308603e+00	10.60	2.972012e-08	4407	5.359e-03
135kHz_100dA_100Mss_PM102.txt	26/06/2024 14:23:16	20.0	2.73	0.49	38460.00	203.29	1.361162e+05	1.535285e+00	6.300402e+00	7.37	2.012809e-08	4408	5.555e-03
135kHz_100dA_100Mss_PM103.txt	26/06/2024 14:23:16	20.0	6.35	1.17	38460.00	196.39	1.361470e+05	1.500176e+00	6.323400e+00	16.82	4.703655e-08	4407	5.410e-03
135kHz_100dA_100Mss_PM104.txt	26/06/2024 14:23:17	20.0	9.43	1.74	38460.00	198.98	1.361470e+05	1.509132e+00	6.341601e+00	24.57	6.836648e-08	4407	5.399e-03
135kHz_100dA_100Mss_PM105.txt	26/06/2024 14:23:17	20.0	2.91	0.52	38460.00	205.87	1.361470e+05	1.555190e+00	6.301861e+00	8.10	2.183434e-08	4407	5.605e-03
135kHz_100dA_100Mss_PM106.txt	26/06/2024 14:23:18	20.0	4.74	0.83	38460.00	210.06	1.361470e+05	1.592236e+00	6.310228e+00	12.01	3.162100e-08	4407	5.725e-03
135kHz_100dA_100Mss_PM107.txt	26/06/2024 14:23:18	20.0	5.93	1.07	38460.00	203.63	1.361470e+05	1.548357e+00	6.318805e+00	15.38	4.165729e-08	4407	5.538e-03
135kHz_100dA_100Mss_PM108.txt	26/06/2024 14:23:19	20.0	5.62	1.08	38460.00	191.54	1.361470e+05	1.462191e+00	6.319654e+00	14.87	4.265112e-08	4407	5.201e-03
135kHz_100dA_100Mss_PM109.txt	26/06/2024 14:23:19	20.0	6.49	1.16	38460.00	203.59	1.361470e+05	1.554343e+00	6.322394e+00	16.99	4.585859e-08	4407	5.597e-03
135kHz_100dA_100Mss_PM110.txt	26/06/2024 14:23:20	20.0	10.15	1.84	38460.00	204.11	1.361470e+05	1.546410e+00	6.344377e+00	26.38	7.162242e-08	4407	5.505e-03
135kHz_100dA_100Mss_PM111.txt	26/06/2024 14:23:20	20.0	6.37	1.11	38460.00	209.96	1.361470e+05	1.600333e+00	6.320802e+00	16.79	4.399507e-08	4407	5.727e-03
135kHz_100dA_100Mss_PM112.txt	26/06/2024 14:23:21	20.0	7.73	1.43	38460.00	195.88	1.361470e+05	1.501107e+00	6.330348e+00	19.74	5.517382e-08	4407	5.386e-03
135kHz_100dA_100Mss_PM113.txt	26/06/2024 14:23:21	20.0	7.41	1.35	38460.00	198.35	1.361470e+05	1.521543e+00	6.329274e+00	19.55	5.391594e-08	4407	5.461e-03
135kHz_100dA_100Mss_PM114.txt	26/06/2024 14:23:22	20.0	6.22	1.15	38460.00	198.34	1.361470e+05	1.514297e+00	6.321731e+00	16.28	4.508163e-08	4407	5.406e-03
135kHz_100dA_100Mss_PM115.txt	26/06/2024 14:23:23	20.0	1.62	0.30	38460.00	204.26	1.361470e+05	1.537557e+00	6.293654e+00	4.49	1.223806e-08	4407	5.479e-03
135kHz_100dA_100Mss_PM116.txt	26/06/2024 14:23:23	20.0	3.48	0.64	38460.00	198.66	1.361470e+05	1.504164e+00	6.305507e+00	9.36	2.609804e-08	4407	5.392e-03
135kHz_100dA_100Mss_PM117.txt	26/06/2024 14:23:24	20.0	8.81	1.59	38460.00	203.19	1.361470e+05	1.542635e+00	6.337857e+00	23.51	6.397504e-08	4407	5.491e-03
135kHz_100dA_100Mss_PM118.txt	26/06/2024 14:23:24	20.0	7.10	1.33	38460.00	192.64	1.361470e+05	1.478301e+00	6.328917e+00	18.85	5.349641e-08	4407	5.310e-03
135kHz_100dA_100Mss_PM119.txt	26/06/2024 14:23:25	20.0	9.10	1.65	38460.00	203.29	1.361470e+05	1.545327e+00	6.338975e+00	24.03	6.528527e-08	4407	5.482e-03
135kHz_100dA_100Mss_PM120.txt	26/06/2024 14:23:25	20.0	6.31	1.15	38460.00	200.89	1.361470e+05	1.530540e+00	6.321477e+00	16.34	4.478500e-08	4407	5.489e-03
135kHz_100dA_100Mss_PM121.txt	26/06/2024 14:23:26	20.0	4.41	0.85	38460.00	192.53	1.361470e+05	1.464380e+00	6.312004e+00	11.77	3.369754e-08	4407	5.218e-03
135kHz_100dA_100Mss_PM122.txt	26/06/2024 14:23:27	20.0	11.14	2.06	38460.00	202.72	1.361470e+05	1.523599e+00	6.351192e+00	28.88	7.962114e-08	4407	5.380e-03
135kHz_100dA_100Mss_PM123.txt	26/06/2024 14:23:27	20.0	5.29	0.96	38460.00	199.31	1.361470e+05	1.517547e+00	6.315865e+00	13.83	3.821530e-08	4407	5.474e-03
135kHz_100dA_100Mss_PM124.txt	26/06/2024 14:23:28	20.0	7.78	1.46	38460.00	194.68	1.361470e+05	1.492516e+00	6.331314e+00	20.03	5.630491e-08	4407	5.314e-03
135kHz_100dA_100Mss_PM125.txt	26/06/2024 14:23:28	20.0	4.47	0.81	38460.00	203.56	1.361470e+05	1.544706e+00	6.309802e+00	11.47	3.112132e-08	4407	5.494e-03
135kHz_100dA_100Mss_PM126.txt	26/06/2024 14:23:28	20.0	3.72	0.70	38460.00	193.53	1.361470e+05	1.468562e+00	6.307804e+00	10.08	2.878390e-08	4407	5.275e-03
135kHz_100dA_100Mss_PM127.txt	26/06/2024 14:23:29	20.0	9.51	1.75	38460.00	199.37	1.361470e+05	1.509230e+00	6.342958e+00	25.15	6.995637e-08	4407	5.395e-03
135kHz_100dA_100Mss_PM128.txt	26/06/2024 14:23:29	20.0	6.52	1.19	38460.00	198.34	1.361470e+05	1.516685e+00	6.324068e+00	17.29	4.781756e-08	4407	5.471e-03
135kHz_100dA_100Mss_PM129.txt	26/06/2024 14:23:30	20.1	8.24	1.53	38460.00	196.35	1.361470e+05	1.501915e+00	6.333831e+00	21.21	5.925404e-08	4407	5.381e-03
135kHz_100dA_100Mss_PM130.txt	26/06/2024 14:23:31	20.1	3.09	0.56	38460.00	204.20	1.361470e+05	1.543601e+00	6.301695e+00	7.97	2.164012e-08	4407	5.507e-03
135kHz_100dA_100Mss_PM131.txt	26/06/2024 14:23:31	20.1	4.06	0.75	38460.00	196.89	1.361470e+05	1.494238e+00	6.307998e+00	10.34	2.901201e-08	4407	5.385e-03
135kHz_100dA_100Mss_PM132.txt	26/06/2024 14:23:32	20.1	3.45	0.66	38460.00	193.82	1.361470e+05	1.470738e+00	6.305261e+00	9.05	2.581004e-08	4407	5.248e-03
135kHz_100dA_100Mss_PM133.txt	26/06/2024 14:23:33	20.1	8.68	1.68	38460.00	188.97	1.361470e+05	1.433090e+00	6.340141e+00	22.75	6.665145e-08	4407	5.149e-03
135kHz_100dA_100Mss_PM134.txt	26/06/2024 14:23:33	20.1	6.27	1.16	38460.00	197.71	1.361470e+05	1.511149e+00	6.322935e+00	16.75	4.649108e-08	4407	5.407e-03
135kHz_100dA_100Mss_PM135.txt	26/06/2024 14:23:34	20.0	8.90	1.67	38460.00	195.55	1.361470e+05	1.483361e+00	6.340212e+00	23.58	6.673425e-08	4407	5.302e-03
135kHz_100dA_100Mss_PM136.txt	26/06/2024 14:23:34	20.0	3.87	0.70	38460.00	204.69	1.361470e+05	1.549686e+00	6.306714e+00	10.17	2.750925e-08	4407	5.539e-03
135kHz_100dA_100Mss_PM137.txt	26/06/2024 14:23:35	20.0	7.79	1.45	38460.00	197.60	1.361779e+05	1.508479e+00	6.331884e+00	20.49	5.697123e-08	4406	5.367e-03
135kHz_100dA_100Mss_PM138.txt	26/06/2024 14:23:35	20.0	7.80	1.47	38460.00	193.32	1.361779e+05	1.478673e+00	6.332918e+00	20.51	5.818321e-08	4406	5.274e-03
135kHz_100dA_100Mss_PM139.txt	26/06/2024 14:23:36	20.0	6.09	1.15	38460.00	193.32	1.361470e+05	1.474987e+00	6.321682e+00	15.83	4.502433e-08	4407	5.293e-03
135kHz_100dA_100Mss_PM140.txt	26/06/2024 14:23:36	20.0	8.56	1.57	38460.00	200.83	1.361470e+05	1.531172e+00	6.335861e+00	22.48	6.163276e-08	4407	5.437e-03
135kHz_100dA_100Mss_PM141.txt	26/06/2024 14:23:37	20.1	4.95	0.89	38460.00	203.20	1.361470e+05	1.541636e+00	6.312909e+00	12.78	3.475642e-08	4407	5.549e-03
135kHz_100dA_100Mss_PM142.txt	26/06/2024 14:23:37	20.1	4.99	0.91	38460.00	200.76	1.361470e+05	1.527964e+00	6.313621e+00	12.97	3.558964e-08	4407	5.481e-03
135kHz_100dA_100Mss_PM143.txt	26/06/2024 14:23:38	20.1	3.11	0.56	38460.00	202.48	1.361470e+05	1.531864e+00	6.303719e+00	8.77	2.400696e-08	4407	5.523e-03
135kHz_100dA_100Mss_PM144.txt	26/06/2024 14:23:38	20.1	4.90	0.90	38460.00	199.06	1.361470e+05	1.513695e+00	6.312321e+00	12.30	3.406795e-08	4407	5.441e-03
135kHz_100dA_100Mss_PM145.txt	26/06/2024 14:23:39	20.1	11.28	2.08	38460.00	201.88	1.361470e+05	1.515951e+00	6.352320e+00	29.21	8.094459e-08	4407	5.404e-03
135kHz_100dA_100Mss_PM146.txt	26/06/2024 14:23:39	20.1	3.97	0.70	38460.00	209.75	1.361470e+05	1.590124e+00	6.307229e+00	10.66	2.811106e-08	4407	5.686e-03
135kHz_100dA_100Mss_PM147.txt	26/06/2024 14:23:40	20.0	8.65	1.66	38460.00	189.84	1.361470e+05	1.449110e+00	6.338514e+00	22.35	6.474388e-08	4407	5.183e-03
135kHz_100dA_100Mss_PM148.txt	26/06/2024 14:23:40	20.0	4.82	0.92	38460.00	191.74	1.361470e+05	1.462118e+00	6.315235e+00	13.07	3.747733e-08	4407	5.252e-03
135kHz_100dA_100Mss_PM149.txt	26/06/2024 14:23:41	20.1	5.76	1.05	38460.00	201.45	1.361470e+05	1.535917e+00	6.318437e+00	15.10	4.122507e-08	4407	5.505e-03
135kHz_100dA_100Mss_PM150.txt	26/06/2024 14:23:41	20.1	2.20	0.40	38460.00	202.24	1.361470e+05	1.522050e+00	6.296957e+00	5.85	1.609974e-08	4407	5.469e-03
135kHz_100dA_100Mss_PM151.txt	26/06/2024 14:23:42	20.1	5.79	1.09	38460.00	194.22	1.361470e+05	1.486290e+00	6.321833e+00	16.02	4.519987e-08	4407	5.271e-03
135kHz_100dA_100Mss_PM152.txt	26/06/2024 14:23:43	20.1	1.36	0.24	38460.00	210.50	1.361470e+05	1.567921e+00	6.276907e+00	-2.75	-7.339678e-09	4407	5.564e-03
135kHz_100dA_100Mss_PM153.txt	26/06/2024 14:23:43	20.1	3.34	0.60	38460.00	205.09	1.361470e+05	1.550595e+00	6.304360e+00	9.16	2.475569e-08	4407	5.567e-03
135kHz_100dA_100Mss_PM154.txt	26/06/2024 14:23:44	20.1	5.28	1.03	38460.00	186.88	1.361470e+05	1.428087e+00	6.319011e+00	14.27	4.189651e-08	4407	5.131e-03
135kHz_100dA_100Mss_PM155.txt	26/06/2024 14:23:44	20.1	9.40	1.79	38460.00	192.94	1.361470e+05	1.457599e+00	6.343903e+00	24.67	7.106366e-08	4407	5.238e-03
135kHz_100dA_100Mss_PM156.txt	26/06/2024 14:23:45	20.1	9.38	1.75	38460.00	196.62	1.361470e+05	1.487263e+00	6.342657e+00	24.65	6.960160e-08	4407	5.329e-03
135kHz_100dA_100Mss_PM157.txt	26/06/2024 14:23:45	20.1	3.46	0.66	38460.00	193.54	1.361470e+05	1.467295e+00	6.306112e+00	9.38	2.680568e-08	4407	5.260e-03
135kHz_100dA_100Mss_PM158.txt	26/06/2024 14:23:46	20.1	6.98	1.27	38460.00	198.85	1.361470e+05	1.522489e+00	6.326438e+00	18.36	5.059225e-08	4407	5.472e-03
135kHz_100dA_100Mss_PM159.txt	26/06/2024 14:23:46	20.1	4.47	0.84	38460.00	194.51	1.361779e+05	1.476020e+00	6.311752e+00	11.76	3.340202e-08	4406	5.306e-03
135kHz_100dA_100Mss_PM160.txt	26/06/2024 14:23:47	20.0	8.74	1.63	38460.00	198.21	1.361470e+05	1.503342e+00	6.338479e+00	23.17	6.470124e-08	4407	5.343e-03
135kHz_100dA_100Mss_PM161.txt	26/06/2024 14:23:47	20.0	6.35	1.25	38460.00	185.86	1.361779e+05	1.422261e+00	6.325391e+00	16.74	4.936533e-08	4406	5.061e-03
135kHz_100dA_100Mss_PM162.txt	26/06/2024 14:23:48	20.1	3.78	0.69	38460.00	200.64	1.361470e+05	1.519561e+00	6.307037e+00	10.11	2.788698e-08	4407	5.442e-03
135kHz_100dA_100Mss_PM163.txt	26/06/2024 14:23:48	20.1	3.08	0.55	38460.00	208.11	1.361779e+05	1.572958e+00	6.302043e+00	8.27	2.204601e-08	4406	5.623e-03
135kHz_100dA_100Mss_PM164.txt	26/06/2024 14:23:49	20.1	10.90	2.13	38460.00	191.94	1.361470e+05	1.432773e+00	6.355698e+00	28.95	8.491210e-08	4407	5.076e-03
135kHz_100dA_100Mss_PM165.txt	26/06/2024 14:23:49	20.1	8.39	1.57	38460.00	195.00	1.361470e+05	1.489119e+00	6.336296e+00	22.05	6.214190e-08	4407	5.314e-03
135kHz_100dA_100Mss_PM166.txt	26/06/2024 14:23:50	20.1	7.94	1.53	38460.00	189.22	1.361470e+05	1.444146e+00	6.334746e+00	20.76	6.032492e-08	4407	5.174e-03
135kHz_100dA_100Mss_PM167.txt	26/06/2024 14:23:50	20.1	3.69	0.69	38460.00	198.17	1.361470e+05	1.501832e+00	6.307517e+00	10.19	2.844851e-08	4407	5.371e-03
135kHz_100dA_100Mss_PM168.txt	26/06/2024 14:23:51	20.1	1.09	0.20	38460.00	205.50	1.361470e+05	1.540792e+00	6.290523e+00	3.15	8.577929e-09	4407	0.000e+00
135kHz_100dA_100Mss_PM169.txt	26/06/2024 14:23:51	20.1	6.94	1.32	38460.00	192.92	1.361470e+05	1.478510e+00	6.328260e+00	18.58	5.272578e-08	4407	5.256e-03
135kHz_100dA_100Mss_PM170.txt	26/06/2024 14:23:52	20.1	2.49	0.47	38460.00	197.67	1.361779e+05	1.493618e+00	6.299363e+00	6.74	1.891184e-08	4406	5.359e-03
135kHz_100dA_100Mss_PM171.txt	26/06/2024 14:23:53	20.1	1.58	0.29	38460.00	199.95	1.361470e+05	1.505799e+00	6.294166e+00	4.61	1.283594e-08	4407	5.417e-03
135kHz_100dA_100Mss_PM172.txt	26/06/2024 14:23:53	20.1	5.78	1.09	38460.00	193.29	1.361470e+05	1.477292e+00	6.320440e+00	15.35	4.356854e-08	4407	5.291e-03
135kHz_100dA_100Mss_PM173.txt	26/06/2024 14:23:54	20.1	7.52	1.41	38460.00	193.53	1.361470e+05	1.483185e+00	6.330676e+00	19.64	5.555582e-08	4407	5.319e-03
135kHz_100dA_100Mss_PM174.txt	26/06/2024 14:23:54	20.1	6.98	1.29	38460.00	196.90	1.361470e+05	1.507291e+00	6.327336e+00	18.55	5.164338e-08	4407	5.391e-03
135kHz_100dA_100Mss_PM175.txt	26/06/2024 14:23:55	20.1	5.46	1.04	38460.00	192.67	1.361470e+05	1.471806e+00	6.318602e+00	14.54	4.141777e-08	4407	5.250e-03
135kHz_100dA_100Mss_PM176.txt	26/06/2024 14:23:56	20.1	4.82	0.95	38460.00	185.50	1.361779e+05	1.417219e+00	6.316044e+00	12.99	3.842333e-08	4406	5.092e-03
135kHz_100dA_100Mss_PM177.txt	26/06/2024 14:23:56	20.1	5.10	0.97	38460.00	190.87	1.361470e+05	1.459941e+00	6.317602e+00	14.01	4.024684e-08	4407	5.250e-03
135kHz_100dA_100Mss_PM178.txt	26/06/2024 14:23:57	20.1	2.49	0.49	38460.00	189.00	1.361470e+05	1.426726e+00	6.299771e+00	6.60	1.938904e-08	4407	5.124e-03
135kHz_100dA_100Mss_PM179.txt	26/06/2024 14:23:57	20.1	4.77	0.87	38460.00	198.93	1.361470e+05	1.512099e+00	6.312605e+00	12.41	3.439899e-08	4407	5.473e-03
135kHz_100dA_100Mss_PM180.txt	26/06/2024 14:23:58	20.1	5.31	1.05	38460.00	184.06	1.361779e+05	1.406028e+00	6.317901e+00	13.61	4.059594e-08	4406	5.055e-03
135kHz_100dA_100Mss_PM181.txt	26/06/2024 14:23:58	20.1	5.54	1.04	38460.00	192.78	1.361779e+05	1.470726e+00	6.317839e+00	14.22	4.052429e-08	4406	5.304e-03
135kHz_100dA_100Mss_PM182.txt	26/06/2024 14:23:59	20.1	10.10	1.86	38460.00	200.08	1.361470e+05	1.512506e+00	6.345011e+00	26.06	7.236290e-08	4407	5.412e-03
135kHz_100dA_100Mss_PM183.txt	26/06/2024 14:23:59	20.1	6.14	1.13	38460.00	197.64	1.361470e+05	1.511013e+00	6.322136e+00	16.41	4.555367e-08	4407	5.409e-03
135kHz_100dA_100Mss_PM184.txt	26/06/2024 14:24:00	20.1	7.47	1.36	38460.00	200.34	1.361779e+05	1.533866e+00	6.328346e+00	19.32	5.282601e-08	4406	5.499e-03
135kHz_100dA_100Mss_PM185.txt	26/06/2024 14:24:00	20.1	9.91	1.90	38460.00	193.59	1.361779e+05	1.458084e+00	6.346974e+00	25.93	7.466605e-08	4406	5.175e-03
135kHz_100dA_100Mss_PM186.txt	26/06/2024 14:24:01	20.1	3.12	0.59	38460.00	192.07	1.361470e+05	1.454475e+00	6.303338e+00	8.17	2.356086e-08	4407	5.245e-03
135kHz_100dA_100Mss_PM187.txt	26/06/2024 14:24:01	20.1	3.04	0.60	38460.00	187.66	1.361779e+05	1.418728e+00	6.302572e+00	7.67	2.266466e-08	4406	5.082e-03
135kHz_100dA_100Mss_PM188.txt	26/06/2024 14:24:02	20.1	4.99	0.94	38460.00	192.93	1.361470e+05	1.469108e+00	6.314736e+00	12.93	3.689340e-08	4407	5.285e-03
135kHz_100dA_100Mss_PM189.txt	26/06/2024 14:24:02	20.1	10.60	2.02	38460.00	195.90	1.361470e+05	1.467903e+00	6.351442e+00	27.92	7.991208e-08	4407	5.203e-03
135kHz_100dA_100Mss_PM190.txt	26/06/2024 14:24:03	20.1	7.60	1.47	38460.00	189.28	1.361470e+05	1.445637e+00	6.333109e+00	20.12	5.840610e-08	4407	5.155e-03
135kHz_100dA_100Mss_PM191.txt	26/06/2024 14:24:04	20.1	4.00	0.78	38460.00	187.73	1.361470e+05	1.430573e+00	6.311450e+00	11.28	3.304867e-08	4407	5.153e-03
135kHz_100dA_100Mss_PM192.txt	26/06/2024 14:24:04	20.1	3.11	0.58	38460.00	197.65	1.361470e+05	1.497105e+00	6.303478e+00	8.47	2.372399e-08	4407	5.361e-03
135kHz_100dA_100Mss_PM193.txt	26/06/2024 14:24:05	20.1	5.41	1.07	38460.00	183.11	1.361779e+05	1.405867e+00	6.321204e+00	14.91	4.446245e-08	4406	5.053e-03
135kHz_100dA_100Mss_PM194.txt	26/06/2024 14:24:05	20.1	3.39	0.64	38460.00	195.69	1.361470e+05	1.483456e+00	6.306154e+00	9.50	2.685332e-08	4407	5.322e-03
135kHz_100dA_100Mss_PM195.txt	26/06/2024 14:24:06	20.1	5.72	1.05	38460.00	197.77	1.361779e+05	1.509430e+00	6.318705e+00	14.95	4.153742e-08	4406	5.438e-03
135kHz_100dA_100Mss_PM196.txt	26/06/2024 14:24:06	20.1	4.45	0.83	38460.00	197.24	1.361470e+05	1.499293e+00	6.311418e+00	11.80	3.301116e-08	4407	5.367e-03
135kHz_100dA_100Mss_PM197.txt	26/06/2024 14:24:07	20.1	6.55	1.28	38460.00	186.02	1.361470e+05	1.426041e+00	6.326900e+00	17.38	5.113253e-08	4407	5.096e-03
135kHz_100dA_100Mss_PM198.txt	26/06/2024 14:24:07	20.1	6.42	1.19	38460.00	195.15	1.361470e+05	1.495740e+00	6.323209e+00	16.69	4.680964e-08	4407	5.390e-03
