# Temperatura_=_18.666145833333335
# Concentracion g/m^3_=_10000.0
# C_Vs_to_Am_M_A/Vsm_=_254322799225.57578
# pendiente_HvsI_1/m_=_3716.3
# ordenada_HvsI_A/m_=_1297.0
# frecuencia_Hz_=_136118.12398881317
# Promedio de 192 ciclos

Tiempo_(s)	Campo_(V.s)	Magnetizacion_(V.s)	Campo_(kA/m)	Magnetizacion_(A/m)
0.000000e+00	-7.151511e-09	-7.253272e-10	-3.843463e+01	-1.975296e+02
1.000000e-08	-7.151373e-09	-7.252470e-10	-3.843394e+01	-1.974823e+02
2.000000e-08	-7.150708e-09	-7.254091e-10	-3.843045e+01	-1.974228e+02
3.000000e-08	-7.149447e-09	-7.255534e-10	-3.842373e+01	-1.973519e+02
4.000000e-08	-7.147716e-09	-7.255586e-10	-3.841449e+01	-1.972704e+02
5.000000e-08	-7.145546e-09	-7.255784e-10	-3.840290e+01	-1.971794e+02
6.000000e-08	-7.142883e-09	-7.255585e-10	-3.838865e+01	-1.970797e+02
7.000000e-08	-7.139776e-09	-7.254317e-10	-3.837200e+01	-1.969724e+02
8.000000e-08	-7.136156e-09	-7.261301e-10	-3.835263e+01	-1.968586e+02
9.000000e-08	-7.131701e-09	-7.253543e-10	-3.832882e+01	-1.967392e+02
1.000000e-07	-7.126130e-09	-7.194685e-10	-3.829903e+01	-1.966156e+02
1.100000e-07	-7.119640e-09	-7.153164e-10	-3.826421e+01	-1.964887e+02
1.200000e-07	-7.112979e-09	-7.224102e-10	-3.822838e+01	-1.963597e+02
1.300000e-07	-7.106354e-09	-7.302066e-10	-3.819279e+01	-1.962296e+02
1.400000e-07	-7.099184e-09	-7.243354e-10	-3.815435e+01	-1.960996e+02
1.500000e-07	-7.091257e-09	-7.164818e-10	-3.811183e+01	-1.959707e+02
1.600000e-07	-7.082938e-09	-7.221176e-10	-3.806714e+01	-1.958438e+02
1.700000e-07	-7.074461e-09	-7.300686e-10	-3.802162e+01	-1.957199e+02
1.800000e-07	-7.065423e-09	-7.246194e-10	-3.797314e+01	-1.955997e+02
1.900000e-07	-7.055664e-09	-7.175238e-10	-3.792077e+01	-1.954839e+02
2.000000e-07	-7.045512e-09	-7.242326e-10	-3.786623e+01	-1.953730e+02
2.100000e-07	-7.035129e-09	-7.306606e-10	-3.781048e+01	-1.952677e+02
2.200000e-07	-7.024103e-09	-7.232609e-10	-3.775132e+01	-1.951681e+02
2.300000e-07	-7.012331e-09	-7.209483e-10	-3.768812e+01	-1.950743e+02
2.400000e-07	-7.000189e-09	-7.302254e-10	-3.762290e+01	-1.949865e+02
2.500000e-07	-6.987623e-09	-7.282160e-10	-3.755544e+01	-1.949043e+02
2.600000e-07	-6.974329e-09	-7.172629e-10	-3.748409e+01	-1.948275e+02
2.700000e-07	-6.960435e-09	-7.199255e-10	-3.740946e+01	-1.947554e+02
2.800000e-07	-6.946206e-09	-7.272883e-10	-3.733304e+01	-1.946874e+02
2.900000e-07	-6.931468e-09	-7.209419e-10	-3.725391e+01	-1.946225e+02
3.000000e-07	-6.916148e-09	-7.184344e-10	-3.717163e+01	-1.945597e+02
3.100000e-07	-6.900428e-09	-7.272789e-10	-3.708717e+01	-1.944977e+02
3.200000e-07	-6.884258e-09	-7.234586e-10	-3.700035e+01	-1.944350e+02
3.300000e-07	-6.867397e-09	-7.121105e-10	-3.690981e+01	-1.943701e+02
3.400000e-07	-6.850035e-09	-7.158164e-10	-3.681654e+01	-1.943014e+02
3.500000e-07	-6.832334e-09	-7.223991e-10	-3.672146e+01	-1.942268e+02
3.600000e-07	-6.814124e-09	-7.161386e-10	-3.662366e+01	-1.941447e+02
3.700000e-07	-6.795345e-09	-7.157453e-10	-3.652280e+01	-1.940527e+02
3.800000e-07	-6.776116e-09	-7.249415e-10	-3.641952e+01	-1.939491e+02
3.900000e-07	-6.756254e-09	-7.206011e-10	-3.631286e+01	-1.938314e+02
4.000000e-07	-6.735646e-09	-7.111617e-10	-3.620219e+01	-1.936977e+02
4.100000e-07	-6.714480e-09	-7.158840e-10	-3.608849e+01	-1.935458e+02
4.200000e-07	-6.692876e-09	-7.169397e-10	-3.597244e+01	-1.933735e+02
4.300000e-07	-6.670806e-09	-7.080805e-10	-3.585388e+01	-1.931787e+02
4.400000e-07	-6.648325e-09	-7.111408e-10	-3.573310e+01	-1.929595e+02
4.500000e-07	-6.625384e-09	-7.160763e-10	-3.560989e+01	-1.927141e+02
4.600000e-07	-6.601847e-09	-7.079354e-10	-3.548346e+01	-1.924404e+02
4.700000e-07	-6.577799e-09	-7.069580e-10	-3.535426e+01	-1.921371e+02
4.800000e-07	-6.553359e-09	-7.139767e-10	-3.522295e+01	-1.918025e+02
4.900000e-07	-6.528472e-09	-7.084167e-10	-3.508925e+01	-1.914353e+02
5.000000e-07	-6.503123e-09	-7.036100e-10	-3.495306e+01	-1.910344e+02
5.100000e-07	-6.477353e-09	-7.091051e-10	-3.481462e+01	-1.905989e+02
5.200000e-07	-6.451041e-09	-7.056213e-10	-3.467329e+01	-1.901280e+02
5.300000e-07	-6.424141e-09	-6.981649e-10	-3.452878e+01	-1.896213e+02
5.400000e-07	-6.396786e-09	-7.000060e-10	-3.438181e+01	-1.890784e+02
5.500000e-07	-6.369016e-09	-6.974826e-10	-3.423261e+01	-1.884991e+02
5.600000e-07	-6.340772e-09	-6.903600e-10	-3.408087e+01	-1.878837e+02
5.700000e-07	-6.312113e-09	-6.904657e-10	-3.392689e+01	-1.872325e+02
5.800000e-07	-6.283063e-09	-6.883920e-10	-3.377082e+01	-1.865459e+02
5.900000e-07	-6.253515e-09	-6.820291e-10	-3.361209e+01	-1.858247e+02
6.000000e-07	-6.223404e-09	-6.815380e-10	-3.345032e+01	-1.850697e+02
6.100000e-07	-6.192783e-09	-6.799653e-10	-3.328581e+01	-1.842819e+02
6.200000e-07	-6.161670e-09	-6.732757e-10	-3.311866e+01	-1.834625e+02
6.300000e-07	-6.130040e-09	-6.710384e-10	-3.294872e+01	-1.826127e+02
6.400000e-07	-6.097852e-09	-6.700098e-10	-3.277579e+01	-1.817339e+02
6.500000e-07	-6.065189e-09	-6.645365e-10	-3.260029e+01	-1.808276e+02
6.600000e-07	-6.032134e-09	-6.612109e-10	-3.242268e+01	-1.798952e+02
6.700000e-07	-5.998687e-09	-6.593317e-10	-3.224297e+01	-1.789383e+02
6.800000e-07	-5.964860e-09	-6.540383e-10	-3.206121e+01	-1.779584e+02
6.900000e-07	-5.930654e-09	-6.502882e-10	-3.187743e+01	-1.769569e+02
7.000000e-07	-5.896055e-09	-6.483688e-10	-3.169152e+01	-1.759355e+02
7.100000e-07	-5.861075e-09	-6.436946e-10	-3.150357e+01	-1.748956e+02
7.200000e-07	-5.825736e-09	-6.394363e-10	-3.131368e+01	-1.738385e+02
7.300000e-07	-5.789988e-09	-6.374018e-10	-3.112160e+01	-1.727656e+02
7.400000e-07	-5.753753e-09	-6.338223e-10	-3.092691e+01	-1.716780e+02
7.500000e-07	-5.717058e-09	-6.292031e-10	-3.072975e+01	-1.705770e+02
7.600000e-07	-5.679972e-09	-6.254081e-10	-3.053047e+01	-1.694635e+02
7.700000e-07	-5.642489e-09	-6.212810e-10	-3.032907e+01	-1.683384e+02
7.800000e-07	-5.604604e-09	-6.170252e-10	-3.012550e+01	-1.672024e+02
7.900000e-07	-5.566331e-09	-6.131412e-10	-2.991985e+01	-1.660564e+02
8.000000e-07	-5.527656e-09	-6.089764e-10	-2.971204e+01	-1.649007e+02
8.100000e-07	-5.488514e-09	-6.052071e-10	-2.950174e+01	-1.637358e+02
8.200000e-07	-5.448889e-09	-6.016048e-10	-2.928883e+01	-1.625620e+02
8.300000e-07	-5.408849e-09	-5.970463e-10	-2.907368e+01	-1.613796e+02
8.400000e-07	-5.368453e-09	-5.925945e-10	-2.885661e+01	-1.601886e+02
8.500000e-07	-5.327700e-09	-5.884472e-10	-2.863763e+01	-1.589891e+02
8.600000e-07	-5.286594e-09	-5.834406e-10	-2.841675e+01	-1.577811e+02
8.700000e-07	-5.245154e-09	-5.786069e-10	-2.819407e+01	-1.565643e+02
8.800000e-07	-5.203366e-09	-5.747672e-10	-2.796953e+01	-1.553387e+02
8.900000e-07	-5.161188e-09	-5.703481e-10	-2.774290e+01	-1.541041e+02
9.000000e-07	-5.118588e-09	-5.654410e-10	-2.751401e+01	-1.528602e+02
9.100000e-07	-5.075556e-09	-5.613187e-10	-2.728279e+01	-1.516069e+02
9.200000e-07	-5.032135e-09	-5.567964e-10	-2.704946e+01	-1.503438e+02
9.300000e-07	-4.988363e-09	-5.515701e-10	-2.681424e+01	-1.490708e+02
9.400000e-07	-4.944255e-09	-5.473037e-10	-2.657722e+01	-1.477876e+02
9.500000e-07	-4.899816e-09	-5.433476e-10	-2.633842e+01	-1.464941e+02
9.600000e-07	-4.855038e-09	-5.379422e-10	-2.609781e+01	-1.451900e+02
9.700000e-07	-4.809898e-09	-5.318823e-10	-2.585526e+01	-1.438754e+02
9.800000e-07	-4.764336e-09	-5.266153e-10	-2.561044e+01	-1.425500e+02
9.900000e-07	-4.718325e-09	-5.220206e-10	-2.536320e+01	-1.412140e+02
1.000000e-06	-4.671935e-09	-5.177736e-10	-2.511392e+01	-1.398673e+02
1.010000e-06	-4.625225e-09	-5.135944e-10	-2.486292e+01	-1.385100e+02
1.020000e-06	-4.578193e-09	-5.089081e-10	-2.461019e+01	-1.371422e+02
1.030000e-06	-4.530839e-09	-5.037547e-10	-2.435572e+01	-1.357641e+02
1.040000e-06	-4.483178e-09	-4.988357e-10	-2.409961e+01	-1.343759e+02
1.050000e-06	-4.435199e-09	-4.939599e-10	-2.384178e+01	-1.329778e+02
1.060000e-06	-4.386871e-09	-4.882526e-10	-2.358209e+01	-1.315701e+02
1.070000e-06	-4.338174e-09	-4.822051e-10	-2.332040e+01	-1.301531e+02
1.080000e-06	-4.289105e-09	-4.769692e-10	-2.305672e+01	-1.287271e+02
1.090000e-06	-4.239693e-09	-4.724984e-10	-2.279121e+01	-1.272924e+02
1.100000e-06	-4.189984e-09	-4.680986e-10	-2.252408e+01	-1.258493e+02
1.110000e-06	-4.140008e-09	-4.631272e-10	-2.225550e+01	-1.243981e+02
1.120000e-06	-4.089770e-09	-4.576500e-10	-2.198553e+01	-1.229392e+02
1.130000e-06	-4.039271e-09	-4.520856e-10	-2.171415e+01	-1.214727e+02
1.140000e-06	-3.988518e-09	-4.464203e-10	-2.144141e+01	-1.199991e+02
1.150000e-06	-3.937511e-09	-4.406083e-10	-2.116731e+01	-1.185184e+02
1.160000e-06	-3.886233e-09	-4.348982e-10	-2.089174e+01	-1.170308e+02
1.170000e-06	-3.834663e-09	-4.295481e-10	-2.061461e+01	-1.155367e+02
1.180000e-06	-3.782786e-09	-4.245221e-10	-2.033583e+01	-1.140360e+02
1.190000e-06	-3.730589e-09	-4.196142e-10	-2.005534e+01	-1.125288e+02
1.200000e-06	-3.678075e-09	-4.144689e-10	-1.977315e+01	-1.110152e+02
1.210000e-06	-3.625262e-09	-4.086905e-10	-1.948934e+01	-1.094953e+02
1.220000e-06	-3.572202e-09	-4.024717e-10	-1.920418e+01	-1.079690e+02
1.230000e-06	-3.518937e-09	-3.964868e-10	-1.891794e+01	-1.064362e+02
1.240000e-06	-3.465451e-09	-3.907597e-10	-1.863051e+01	-1.048968e+02
1.250000e-06	-3.411716e-09	-3.849305e-10	-1.834174e+01	-1.033509e+02
1.260000e-06	-3.357744e-09	-3.791487e-10	-1.805169e+01	-1.017981e+02
1.270000e-06	-3.303556e-09	-3.737392e-10	-1.776049e+01	-1.002386e+02
1.280000e-06	-3.249147e-09	-3.681945e-10	-1.746810e+01	-9.867199e+01
1.290000e-06	-3.194511e-09	-3.627305e-10	-1.717448e+01	-9.709829e+01
1.300000e-06	-3.139633e-09	-3.573696e-10	-1.687957e+01	-9.551734e+01
1.310000e-06	-3.084478e-09	-3.509816e-10	-1.658318e+01	-9.392904e+01
1.320000e-06	-3.029032e-09	-3.445603e-10	-1.628521e+01	-9.233328e+01
1.330000e-06	-2.973313e-09	-3.390337e-10	-1.598578e+01	-9.073000e+01
1.340000e-06	-2.917328e-09	-3.333453e-10	-1.568493e+01	-8.911915e+01
1.350000e-06	-2.861084e-09	-3.273234e-10	-1.538268e+01	-8.750073e+01
1.360000e-06	-2.804617e-09	-3.216400e-10	-1.507923e+01	-8.587475e+01
1.370000e-06	-2.747949e-09	-3.154185e-10	-1.477469e+01	-8.424126e+01
1.380000e-06	-2.691067e-09	-3.085964e-10	-1.446900e+01	-8.260035e+01
1.390000e-06	-2.633979e-09	-3.027899e-10	-1.416221e+01	-8.095216e+01
1.400000e-06	-2.576693e-09	-2.975213e-10	-1.385435e+01	-7.929683e+01
1.410000e-06	-2.519194e-09	-2.913849e-10	-1.354535e+01	-7.763458e+01
1.420000e-06	-2.461487e-09	-2.849652e-10	-1.323523e+01	-7.596562e+01
1.430000e-06	-2.403600e-09	-2.790005e-10	-1.292414e+01	-7.429021e+01
1.440000e-06	-2.345538e-09	-2.729114e-10	-1.261210e+01	-7.260864e+01
1.450000e-06	-2.287303e-09	-2.665756e-10	-1.229913e+01	-7.092122e+01
1.460000e-06	-2.228909e-09	-2.603183e-10	-1.198531e+01	-6.922826e+01
1.470000e-06	-2.170359e-09	-2.539275e-10	-1.167065e+01	-6.753011e+01
1.480000e-06	-2.111660e-09	-2.476459e-10	-1.135519e+01	-6.582712e+01
1.490000e-06	-2.052822e-09	-2.420603e-10	-1.103898e+01	-6.411962e+01
1.500000e-06	-1.993860e-09	-2.364294e-10	-1.072211e+01	-6.240798e+01
1.510000e-06	-1.934782e-09	-2.297237e-10	-1.040461e+01	-6.069254e+01
1.520000e-06	-1.875594e-09	-2.227658e-10	-1.008652e+01	-5.897364e+01
1.530000e-06	-1.816305e-09	-2.164207e-10	-9.767886e+00	-5.725160e+01
1.540000e-06	-1.756914e-09	-2.101560e-10	-9.448704e+00	-5.552673e+01
1.550000e-06	-1.697423e-09	-2.038385e-10	-9.128978e+00	-5.379931e+01
1.560000e-06	-1.637835e-09	-1.974948e-10	-8.808729e+00	-5.206962e+01
1.570000e-06	-1.578149e-09	-1.910608e-10	-8.487957e+00	-5.033791e+01
1.580000e-06	-1.518357e-09	-1.844834e-10	-8.166616e+00	-4.860439e+01
1.590000e-06	-1.458453e-09	-1.782725e-10	-7.844682e+00	-4.686926e+01
1.600000e-06	-1.398436e-09	-1.722080e-10	-7.522137e+00	-4.513270e+01
1.610000e-06	-1.338302e-09	-1.654144e-10	-7.198965e+00	-4.339486e+01
1.620000e-06	-1.278054e-09	-1.584915e-10	-6.875185e+00	-4.165588e+01
1.630000e-06	-1.217703e-09	-1.522097e-10	-6.550848e+00	-3.991586e+01
1.640000e-06	-1.157263e-09	-1.462388e-10	-6.226034e+00	-3.817490e+01
1.650000e-06	-1.096749e-09	-1.399108e-10	-5.900817e+00	-3.643308e+01
1.660000e-06	-1.036177e-09	-1.333098e-10	-5.575287e+00	-3.469047e+01
1.670000e-06	-9.755576e-10	-1.265241e-10	-5.249498e+00	-3.294711e+01
1.680000e-06	-9.148811e-10	-1.197903e-10	-4.923408e+00	-3.120308e+01
1.690000e-06	-8.541371e-10	-1.135619e-10	-4.596955e+00	-2.945840e+01
1.700000e-06	-7.933283e-10	-1.074132e-10	-4.270153e+00	-2.771313e+01
1.710000e-06	-7.324578e-10	-1.007829e-10	-3.943017e+00	-2.596731e+01
1.720000e-06	-6.715202e-10	-9.396929e-11	-3.615520e+00	-2.422099e+01
1.730000e-06	-6.105197e-10	-8.747674e-11	-3.287682e+00	-2.247422e+01
1.740000e-06	-5.494586e-10	-8.119665e-11	-2.959519e+00	-2.072708e+01
1.750000e-06	-4.883362e-10	-7.467718e-11	-2.631025e+00	-1.897961e+01
1.760000e-06	-4.271656e-10	-6.796171e-11	-2.302264e+00	-1.723191e+01
1.770000e-06	-3.659572e-10	-6.139366e-11	-1.973302e+00	-1.548404e+01
1.780000e-06	-3.047218e-10	-5.531040e-11	-1.644199e+00	-1.373610e+01
1.790000e-06	-2.434761e-10	-4.947168e-11	-1.315036e+00	-1.198819e+01
1.800000e-06	-1.822310e-10	-4.305351e-11	-9.858714e-01	-1.024041e+01
1.810000e-06	-1.209962e-10	-3.611632e-11	-6.567644e-01	-8.492868e+00
1.820000e-06	-5.977088e-11	-2.919793e-11	-3.277097e-01	-6.745668e+00
1.830000e-06	1.452266e-12	-2.257609e-11	1.332519e-03	-4.998923e+00
1.840000e-06	6.267806e-11	-1.639659e-11	3.303924e-01	-3.252742e+00
1.850000e-06	1.239075e-10	-1.022315e-11	6.594718e-01	-1.507229e+00
1.860000e-06	1.851374e-10	-3.988991e-12	9.885539e-01	2.375127e-01
1.870000e-06	2.463634e-10	2.177677e-12	1.317617e+00	1.981390e+00
1.880000e-06	3.075794e-10	8.315923e-12	1.646619e+00	3.724318e+00
1.890000e-06	3.687741e-10	1.468347e-11	1.975508e+00	5.466219e+00
1.900000e-06	4.299377e-10	2.164345e-11	2.304240e+00	7.207028e+00
1.910000e-06	4.910619e-10	2.875990e-11	2.632763e+00	8.946690e+00
1.920000e-06	5.521374e-10	3.546411e-11	2.961018e+00	1.068516e+01
1.930000e-06	6.131530e-10	4.164684e-11	3.288949e+00	1.242241e+01
1.940000e-06	6.740948e-10	4.740739e-11	3.616486e+00	1.415842e+01
1.950000e-06	7.349575e-10	5.321167e-11	3.943595e+00	1.589317e+01
1.960000e-06	7.957434e-10	5.952042e-11	4.270290e+00	1.762666e+01
1.970000e-06	8.564604e-10	6.602164e-11	4.596611e+00	1.935890e+01
1.980000e-06	9.171181e-10	7.245619e-11	4.922611e+00	2.108989e+01
1.990000e-06	9.777200e-10	7.896168e-11	5.248312e+00	2.281963e+01
2.000000e-06	1.038262e-09	8.570913e-11	5.573692e+00	2.454814e+01
2.010000e-06	1.098739e-09	9.247712e-11	5.898732e+00	2.627542e+01
2.020000e-06	1.159142e-09	9.872914e-11	6.223372e+00	2.800145e+01
2.030000e-06	1.219461e-09	1.045327e-10	6.547553e+00	2.972623e+01
2.040000e-06	1.279686e-09	1.104404e-10	6.871236e+00	3.144972e+01
2.050000e-06	1.339809e-09	1.166449e-10	7.194370e+00	3.317188e+01
2.060000e-06	1.399825e-09	1.231634e-10	7.516935e+00	3.489264e+01
2.070000e-06	1.459729e-09	1.297048e-10	7.838899e+00	3.661191e+01
2.080000e-06	1.519519e-09	1.359592e-10	8.160246e+00	3.832959e+01
2.090000e-06	1.579201e-09	1.422486e-10	8.481016e+00	4.004554e+01
2.100000e-06	1.638779e-09	1.486376e-10	8.801227e+00	4.175959e+01
2.110000e-06	1.698260e-09	1.548655e-10	9.120905e+00	4.347157e+01
2.120000e-06	1.757642e-09	1.609059e-10	9.440057e+00	4.518126e+01
2.130000e-06	1.816923e-09	1.669778e-10	9.758659e+00	4.688841e+01
2.140000e-06	1.876097e-09	1.732489e-10	1.007670e+01	4.859277e+01
2.150000e-06	1.935157e-09	1.797344e-10	1.039413e+01	5.029405e+01
2.160000e-06	1.994095e-09	1.863302e-10	1.071091e+01	5.199194e+01
2.170000e-06	2.052905e-09	1.927714e-10	1.102699e+01	5.368612e+01
2.180000e-06	2.111577e-09	1.989698e-10	1.134234e+01	5.537626e+01
2.190000e-06	2.170098e-09	2.051022e-10	1.165688e+01	5.706199e+01
2.200000e-06	2.228454e-09	2.113855e-10	1.197053e+01	5.874297e+01
2.210000e-06	2.286636e-09	2.177197e-10	1.228325e+01	6.041883e+01
2.220000e-06	2.344636e-09	2.238135e-10	1.259499e+01	6.208923e+01
2.230000e-06	2.402447e-09	2.298490e-10	1.290571e+01	6.375380e+01
2.240000e-06	2.460064e-09	2.361090e-10	1.321540e+01	6.541220e+01
2.250000e-06	2.517488e-09	2.425353e-10	1.352405e+01	6.706411e+01
2.260000e-06	2.574724e-09	2.489554e-10	1.383168e+01	6.870920e+01
2.270000e-06	2.631766e-09	2.549972e-10	1.413828e+01	7.034719e+01
2.280000e-06	2.688614e-09	2.607344e-10	1.444382e+01	7.197781e+01
2.290000e-06	2.745271e-09	2.667684e-10	1.474834e+01	7.360082e+01
2.300000e-06	2.801731e-09	2.730636e-10	1.505180e+01	7.521598e+01
2.310000e-06	2.857982e-09	2.793284e-10	1.535413e+01	7.682313e+01
2.320000e-06	2.914003e-09	2.856343e-10	1.565523e+01	7.842211e+01
2.330000e-06	2.969772e-09	2.917641e-10	1.595498e+01	8.001277e+01
2.340000e-06	3.025275e-09	2.977012e-10	1.625331e+01	8.159504e+01
2.350000e-06	3.080500e-09	3.037283e-10	1.655014e+01	8.316883e+01
2.360000e-06	3.135451e-09	3.096442e-10	1.684551e+01	8.473411e+01
2.370000e-06	3.190143e-09	3.152099e-10	1.713946e+01	8.629087e+01
2.380000e-06	3.244587e-09	3.206477e-10	1.743207e+01	8.783911e+01
2.390000e-06	3.298801e-09	3.262203e-10	1.772347e+01	8.937885e+01
2.400000e-06	3.352793e-09	3.320822e-10	1.801367e+01	9.091014e+01
2.410000e-06	3.406558e-09	3.381288e-10	1.830266e+01	9.243304e+01
2.420000e-06	3.460094e-09	3.438609e-10	1.859040e+01	9.394762e+01
2.430000e-06	3.513403e-09	3.496328e-10	1.887693e+01	9.545395e+01
2.440000e-06	3.566485e-09	3.558336e-10	1.916225e+01	9.695210e+01
2.450000e-06	3.619333e-09	3.616238e-10	1.944630e+01	9.844216e+01
2.460000e-06	3.671920e-09	3.666876e-10	1.972895e+01	9.992419e+01
2.470000e-06	3.724210e-09	3.717683e-10	2.001001e+01	1.013983e+02
2.480000e-06	3.776180e-09	3.771215e-10	2.028935e+01	1.028644e+02
2.490000e-06	3.827832e-09	3.825634e-10	2.056699e+01	1.043227e+02
2.500000e-06	3.879184e-09	3.882602e-10	2.084300e+01	1.057732e+02
2.510000e-06	3.930261e-09	3.939395e-10	2.111753e+01	1.072159e+02
2.520000e-06	3.981078e-09	3.991924e-10	2.139066e+01	1.086507e+02
2.530000e-06	4.031634e-09	4.044397e-10	2.166239e+01	1.100776e+02
2.540000e-06	4.081925e-09	4.099503e-10	2.193271e+01	1.114967e+02
2.550000e-06	4.131959e-09	4.151976e-10	2.220164e+01	1.129078e+02
2.560000e-06	4.181746e-09	4.199082e-10	2.246924e+01	1.143109e+02
2.570000e-06	4.231271e-09	4.246084e-10	2.273543e+01	1.157059e+02
2.580000e-06	4.280489e-09	4.296621e-10	2.299998e+01	1.170926e+02
2.590000e-06	4.329348e-09	4.351738e-10	2.326261e+01	1.184710e+02
2.600000e-06	4.377833e-09	4.410257e-10	2.352323e+01	1.198409e+02
2.610000e-06	4.425962e-09	4.466226e-10	2.378192e+01	1.212022e+02
2.620000e-06	4.473765e-09	4.513476e-10	2.403887e+01	1.225548e+02
2.630000e-06	4.521256e-09	4.556277e-10	2.429413e+01	1.238984e+02
2.640000e-06	4.568433e-09	4.601996e-10	2.454772e+01	1.252330e+02
2.650000e-06	4.615292e-09	4.648430e-10	2.479960e+01	1.265583e+02
2.660000e-06	4.661816e-09	4.696172e-10	2.504966e+01	1.278743e+02
2.670000e-06	4.707962e-09	4.749042e-10	2.529770e+01	1.291808e+02
2.680000e-06	4.753690e-09	4.804860e-10	2.554350e+01	1.304777e+02
2.690000e-06	4.799001e-09	4.858734e-10	2.578707e+01	1.317647e+02
2.700000e-06	4.843936e-09	4.905591e-10	2.602860e+01	1.330419e+02
2.710000e-06	4.888537e-09	4.944296e-10	2.626834e+01	1.343091e+02
2.720000e-06	4.932813e-09	4.982413e-10	2.650633e+01	1.355662e+02
2.730000e-06	4.976755e-09	5.027206e-10	2.674253e+01	1.368131e+02
2.740000e-06	5.020361e-09	5.077524e-10	2.697693e+01	1.380496e+02
2.750000e-06	5.063648e-09	5.128921e-10	2.720960e+01	1.392758e+02
2.760000e-06	5.106592e-09	5.177455e-10	2.744043e+01	1.404916e+02
2.770000e-06	5.149125e-09	5.221339e-10	2.766907e+01	1.416968e+02
2.780000e-06	5.191213e-09	5.265516e-10	2.789531e+01	1.428915e+02
2.790000e-06	5.232886e-09	5.315281e-10	2.811932e+01	1.440756e+02
2.800000e-06	5.274195e-09	5.364116e-10	2.834137e+01	1.452489e+02
2.810000e-06	5.315152e-09	5.405560e-10	2.856152e+01	1.464116e+02
2.820000e-06	5.355750e-09	5.443346e-10	2.877975e+01	1.475634e+02
2.830000e-06	5.395996e-09	5.482290e-10	2.899609e+01	1.487043e+02
2.840000e-06	5.435888e-09	5.523405e-10	2.921052e+01	1.498344e+02
2.850000e-06	5.475361e-09	5.565209e-10	2.942271e+01	1.509534e+02
2.860000e-06	5.514355e-09	5.607608e-10	2.963232e+01	1.520613e+02
2.870000e-06	5.552887e-09	5.652252e-10	2.983946e+01	1.531581e+02
2.880000e-06	5.591011e-09	5.700625e-10	3.004439e+01	1.542436e+02
2.890000e-06	5.628746e-09	5.748798e-10	3.024723e+01	1.553178e+02
2.900000e-06	5.666097e-09	5.789504e-10	3.044801e+01	1.563804e+02
2.910000e-06	5.703094e-09	5.820739e-10	3.064688e+01	1.574315e+02
2.920000e-06	5.739742e-09	5.850809e-10	3.084388e+01	1.584708e+02
2.930000e-06	5.775963e-09	5.886677e-10	3.103859e+01	1.594983e+02
2.940000e-06	5.811690e-09	5.928711e-10	3.123065e+01	1.605137e+02
2.950000e-06	5.846963e-09	5.974457e-10	3.142026e+01	1.615170e+02
2.960000e-06	5.881844e-09	6.018675e-10	3.160776e+01	1.625080e+02
2.970000e-06	5.916340e-09	6.060474e-10	3.179320e+01	1.634866e+02
2.980000e-06	5.950443e-09	6.100717e-10	3.197652e+01	1.644525e+02
2.990000e-06	5.984175e-09	6.137196e-10	3.215785e+01	1.654058e+02
3.000000e-06	6.017541e-09	6.166858e-10	3.233721e+01	1.663462e+02
3.010000e-06	6.050475e-09	6.191761e-10	3.251426e+01	1.672735e+02
3.020000e-06	6.082936e-09	6.220302e-10	3.268878e+01	1.681878e+02
3.030000e-06	6.114936e-09	6.257668e-10	3.286081e+01	1.690888e+02
3.040000e-06	6.146472e-09	6.300801e-10	3.303036e+01	1.699766e+02
3.050000e-06	6.177555e-09	6.343828e-10	3.319746e+01	1.708509e+02
3.060000e-06	6.208207e-09	6.382343e-10	3.336225e+01	1.717117e+02
3.070000e-06	6.238407e-09	6.414283e-10	3.352460e+01	1.725589e+02
3.080000e-06	6.268075e-09	6.441439e-10	3.368411e+01	1.733926e+02
3.090000e-06	6.297200e-09	6.467456e-10	3.384070e+01	1.742126e+02
3.100000e-06	6.325868e-09	6.495613e-10	3.399482e+01	1.750190e+02
3.110000e-06	6.354110e-09	6.525882e-10	3.414666e+01	1.758117e+02
3.120000e-06	6.381907e-09	6.556454e-10	3.429610e+01	1.765908e+02
3.130000e-06	6.409284e-09	6.590712e-10	3.444329e+01	1.773562e+02
3.140000e-06	6.436243e-09	6.627751e-10	3.458823e+01	1.781081e+02
3.150000e-06	6.462681e-09	6.658198e-10	3.473038e+01	1.788463e+02
3.160000e-06	6.488568e-09	6.680592e-10	3.486956e+01	1.795710e+02
3.170000e-06	6.513991e-09	6.702088e-10	3.500625e+01	1.802823e+02
3.180000e-06	6.538988e-09	6.726504e-10	3.514064e+01	1.809801e+02
3.190000e-06	6.563555e-09	6.752346e-10	3.527272e+01	1.816645e+02
3.200000e-06	6.587724e-09	6.779093e-10	3.540265e+01	1.823355e+02
3.210000e-06	6.611490e-09	6.806708e-10	3.553043e+01	1.829933e+02
3.220000e-06	6.634732e-09	6.833490e-10	3.565541e+01	1.836378e+02
3.230000e-06	6.657405e-09	6.859291e-10	3.577732e+01	1.842690e+02
3.240000e-06	6.679601e-09	6.880573e-10	3.589667e+01	1.848870e+02
3.250000e-06	6.701354e-09	6.898059e-10	3.601363e+01	1.854918e+02
3.260000e-06	6.722628e-09	6.918079e-10	3.612802e+01	1.860834e+02
3.270000e-06	6.743357e-09	6.940559e-10	3.623948e+01	1.866617e+02
3.280000e-06	6.763448e-09	6.965658e-10	3.634753e+01	1.872268e+02
3.290000e-06	6.782920e-09	6.992331e-10	3.645224e+01	1.877786e+02
3.300000e-06	6.801880e-09	7.014358e-10	3.655419e+01	1.883171e+02
3.310000e-06	6.820369e-09	7.029414e-10	3.665361e+01	1.888422e+02
3.320000e-06	6.838400e-09	7.041717e-10	3.675057e+01	1.893537e+02
3.330000e-06	6.856011e-09	7.055861e-10	3.684526e+01	1.898517e+02
3.340000e-06	6.873149e-09	7.073780e-10	3.693743e+01	1.903359e+02
3.350000e-06	6.889712e-09	7.095852e-10	3.702651e+01	1.908064e+02
3.360000e-06	6.905753e-09	7.119355e-10	3.711276e+01	1.912629e+02
3.370000e-06	6.921344e-09	7.139400e-10	3.719660e+01	1.917053e+02
3.380000e-06	6.936470e-09	7.153658e-10	3.727794e+01	1.921334e+02
3.390000e-06	6.951143e-09	7.164563e-10	3.735685e+01	1.925471e+02
3.400000e-06	6.965375e-09	7.173504e-10	3.743339e+01	1.929463e+02
3.410000e-06	6.979059e-09	7.182010e-10	3.750699e+01	1.933307e+02
3.420000e-06	6.992154e-09	7.194907e-10	3.757743e+01	1.937001e+02
3.430000e-06	7.004753e-09	7.213023e-10	3.764519e+01	1.940545e+02
3.440000e-06	7.016887e-09	7.232016e-10	3.771045e+01	1.943935e+02
3.450000e-06	7.028553e-09	7.247661e-10	3.777319e+01	1.947171e+02
3.460000e-06	7.039778e-09	7.259198e-10	3.783357e+01	1.950249e+02
3.470000e-06	7.050501e-09	7.266202e-10	3.789125e+01	1.953170e+02
3.480000e-06	7.060627e-09	7.269858e-10	3.794574e+01	1.955930e+02
3.490000e-06	7.070214e-09	7.273616e-10	3.799732e+01	1.958528e+02
3.500000e-06	7.079324e-09	7.280472e-10	3.804634e+01	1.960963e+02
3.510000e-06	7.087957e-09	7.291900e-10	3.809280e+01	1.963233e+02
3.520000e-06	7.096149e-09	7.305821e-10	3.813687e+01	1.965337e+02
3.530000e-06	7.103915e-09	7.317283e-10	3.817867e+01	1.967275e+02
3.540000e-06	7.111177e-09	7.325075e-10	3.821776e+01	1.969044e+02
3.550000e-06	7.117895e-09	7.330604e-10	3.825393e+01	1.970646e+02
3.560000e-06	7.124060e-09	7.331551e-10	3.828713e+01	1.972080e+02
3.570000e-06	7.129663e-09	7.329475e-10	3.831730e+01	1.973345e+02
3.580000e-06	7.134736e-09	7.330858e-10	3.834462e+01	1.974443e+02
3.590000e-06	7.139246e-09	7.337619e-10	3.836893e+01	1.975375e+02
3.600000e-06	7.143114e-09	7.345205e-10	3.838978e+01	1.976142e+02
3.610000e-06	7.146415e-09	7.350887e-10	3.840757e+01	1.976745e+02
3.620000e-06	7.149247e-09	7.355955e-10	3.842284e+01	1.977189e+02
3.630000e-06	7.151594e-09	7.358750e-10	3.843551e+01	1.977476e+02
3.640000e-06	7.153482e-09	7.357678e-10	3.844570e+01	1.977609e+02
3.650000e-06	7.154931e-09	7.352623e-10	3.845354e+01	1.977593e+02
3.660000e-06	7.155822e-09	7.348207e-10	3.845840e+01	1.977433e+02
3.670000e-06	7.156110e-09	7.348934e-10	3.846000e+01	1.977135e+02
3.680000e-06	7.155896e-09	7.351414e-10	3.845890e+01	1.976706e+02
3.690000e-06	7.155210e-09	7.353108e-10	3.845526e+01	1.976152e+02
3.700000e-06	7.154051e-09	7.351563e-10	3.844908e+01	1.975481e+02
3.710000e-06	7.152466e-09	7.345858e-10	3.844060e+01	1.974702e+02
3.720000e-06	7.150401e-09	7.339688e-10	3.842956e+01	1.973823e+02
3.730000e-06	7.147754e-09	7.333738e-10	3.841538e+01	1.972855e+02
3.740000e-06	7.144614e-09	7.318175e-10	3.839855e+01	1.971807e+02
3.750000e-06	7.141042e-09	7.287299e-10	3.837941e+01	1.970690e+02
3.760000e-06	7.136818e-09	7.297707e-10	3.835681e+01	1.969514e+02
3.770000e-06	7.131507e-09	7.357325e-10	3.832840e+01	1.968291e+02
3.780000e-06	7.125151e-09	7.336851e-10	3.829431e+01	1.967032e+02
3.790000e-06	7.118535e-09	7.242248e-10	3.825873e+01	1.965747e+02
3.800000e-06	7.112070e-09	7.251718e-10	3.822397e+01	1.964449e+02
3.810000e-06	7.105291e-09	7.347780e-10	3.818763e+01	1.963147e+02
3.820000e-06	7.097639e-09	7.335659e-10	3.814659e+01	1.961853e+02
3.830000e-06	7.089410e-09	7.228601e-10	3.810238e+01	1.960576e+02
3.840000e-06	7.081177e-09	7.230628e-10	3.805812e+01	1.959325e+02
3.850000e-06	7.072590e-09	7.333118e-10	3.801207e+01	1.958109e+02
3.860000e-06	7.062970e-09	7.322261e-10	3.796049e+01	1.956934e+02
3.870000e-06	7.052633e-09	7.215160e-10	3.790496e+01	1.955808e+02
3.880000e-06	7.042163e-09	7.234341e-10	3.784870e+01	1.954735e+02
3.890000e-06	7.031325e-09	7.335936e-10	3.779052e+01	1.953718e+02
3.900000e-06	7.019648e-09	7.291528e-10	3.772785e+01	1.952760e+02
3.910000e-06	7.007415e-09	7.176382e-10	3.766213e+01	1.951861e+02
3.920000e-06	6.994931e-09	7.219603e-10	3.759507e+01	1.951020e+02
3.930000e-06	6.981804e-09	7.325957e-10	3.752461e+01	1.950233e+02
3.940000e-06	6.967922e-09	7.285782e-10	3.745006e+01	1.949496e+02
3.950000e-06	6.953712e-09	7.210499e-10	3.737370e+01	1.948803e+02
3.960000e-06	6.939248e-09	7.251206e-10	3.729602e+01	1.948144e+02
3.970000e-06	6.924061e-09	7.253648e-10	3.721450e+01	1.947509e+02
3.980000e-06	6.908171e-09	7.167021e-10	3.712915e+01	1.946888e+02
3.990000e-06	6.891983e-09	7.204470e-10	3.704217e+01	1.946264e+02
4.000000e-06	6.875420e-09	7.303516e-10	3.695321e+01	1.945625e+02
4.010000e-06	6.858253e-09	7.254175e-10	3.686101e+01	1.944953e+02
4.020000e-06	6.840635e-09	7.167936e-10	3.676635e+01	1.944229e+02
4.030000e-06	6.822673e-09	7.200359e-10	3.666986e+01	1.943436e+02
4.040000e-06	6.804187e-09	7.201762e-10	3.657057e+01	1.942552e+02
4.050000e-06	6.785167e-09	7.122672e-10	3.646840e+01	1.941558e+02
4.060000e-06	6.765678e-09	7.171170e-10	3.636372e+01	1.940433e+02
4.070000e-06	6.745557e-09	7.259155e-10	3.625566e+01	1.939153e+02
4.080000e-06	6.724808e-09	7.195698e-10	3.614420e+01	1.937699e+02
4.090000e-06	6.703489e-09	7.148907e-10	3.602968e+01	1.936049e+02
4.100000e-06	6.681628e-09	7.196833e-10	3.591225e+01	1.934181e+02
4.110000e-06	6.659279e-09	7.138156e-10	3.579218e+01	1.932076e+02
4.120000e-06	6.636486e-09	7.042500e-10	3.566973e+01	1.929714e+02
4.130000e-06	6.613211e-09	7.088522e-10	3.554468e+01	1.927077e+02
4.140000e-06	6.589486e-09	7.107504e-10	3.541721e+01	1.924148e+02
4.150000e-06	6.565387e-09	7.046802e-10	3.528774e+01	1.920912e+02
4.160000e-06	6.540768e-09	7.098662e-10	3.515548e+01	1.917354e+02
4.170000e-06	6.515540e-09	7.151539e-10	3.501995e+01	1.913463e+02
4.180000e-06	6.489845e-09	7.088193e-10	3.488190e+01	1.909228e+02
4.190000e-06	6.463730e-09	7.105788e-10	3.474158e+01	1.904643e+02
4.200000e-06	6.437133e-09	7.154960e-10	3.459868e+01	1.899700e+02
4.210000e-06	6.410066e-09	7.081277e-10	3.445326e+01	1.894396e+02
4.220000e-06	6.382500e-09	7.055734e-10	3.430516e+01	1.888729e+02
4.230000e-06	6.354366e-09	7.091799e-10	3.415402e+01	1.882700e+02
4.240000e-06	6.325726e-09	7.033064e-10	3.400014e+01	1.876311e+02
4.250000e-06	6.296708e-09	6.979706e-10	3.384422e+01	1.869567e+02
4.260000e-06	6.267290e-09	6.972296e-10	3.368616e+01	1.862474e+02
4.270000e-06	6.237428e-09	6.915018e-10	3.352572e+01	1.855039e+02
4.280000e-06	6.207091e-09	6.886352e-10	3.336273e+01	1.847274e+02
4.290000e-06	6.176219e-09	6.890642e-10	3.319686e+01	1.839187e+02
4.300000e-06	6.144790e-09	6.833174e-10	3.302800e+01	1.830793e+02
4.310000e-06	6.112866e-09	6.789896e-10	3.285647e+01	1.822104e+02
4.320000e-06	6.080489e-09	6.776601e-10	3.268251e+01	1.813134e+02
4.330000e-06	6.047706e-09	6.716753e-10	3.250636e+01	1.803899e+02
4.340000e-06	6.014542e-09	6.678386e-10	3.232817e+01	1.794413e+02
4.350000e-06	5.980965e-09	6.669691e-10	3.214776e+01	1.784691e+02
4.360000e-06	5.946919e-09	6.609327e-10	3.196484e+01	1.774749e+02
4.370000e-06	5.912372e-09	6.562993e-10	3.177921e+01	1.764602e+02
4.380000e-06	5.877355e-09	6.558155e-10	3.159106e+01	1.754265e+02
4.390000e-06	5.841963e-09	6.507685e-10	3.140088e+01	1.743752e+02
4.400000e-06	5.806222e-09	6.442232e-10	3.120881e+01	1.733076e+02
4.410000e-06	5.770097e-09	6.412319e-10	3.101469e+01	1.722249e+02
4.420000e-06	5.733597e-09	6.373403e-10	3.081856e+01	1.711284e+02
4.430000e-06	5.696716e-09	6.332860e-10	3.062039e+01	1.700191e+02
4.440000e-06	5.659396e-09	6.308240e-10	3.041986e+01	1.688979e+02
4.450000e-06	5.621596e-09	6.264866e-10	3.021675e+01	1.677656e+02
4.460000e-06	5.583335e-09	6.213934e-10	3.001117e+01	1.666229e+02
4.470000e-06	5.544654e-09	6.174992e-10	2.980331e+01	1.654705e+02
4.480000e-06	5.505606e-09	6.128195e-10	2.959348e+01	1.643087e+02
4.490000e-06	5.466206e-09	6.081757e-10	2.938175e+01	1.631380e+02
4.500000e-06	5.426426e-09	6.041095e-10	2.916799e+01	1.619585e+02
4.510000e-06	5.386271e-09	5.989340e-10	2.895221e+01	1.607704e+02
4.520000e-06	5.345726e-09	5.943053e-10	2.873434e+01	1.595739e+02
4.530000e-06	5.304729e-09	5.909431e-10	2.851405e+01	1.583687e+02
4.540000e-06	5.263322e-09	5.861475e-10	2.829155e+01	1.571550e+02
4.550000e-06	5.221554e-09	5.803940e-10	2.806710e+01	1.559325e+02
4.560000e-06	5.179418e-09	5.757592e-10	2.784067e+01	1.547010e+02
4.570000e-06	5.136927e-09	5.713047e-10	2.761233e+01	1.534603e+02
4.580000e-06	5.094103e-09	5.662002e-10	2.738221e+01	1.522103e+02
4.590000e-06	5.050937e-09	5.612467e-10	2.715025e+01	1.509506e+02
4.600000e-06	5.007432e-09	5.561654e-10	2.691647e+01	1.496810e+02
4.610000e-06	4.963571e-09	5.506616e-10	2.668079e+01	1.484013e+02
4.620000e-06	4.919315e-09	5.458613e-10	2.644299e+01	1.471113e+02
4.630000e-06	4.874644e-09	5.418875e-10	2.620296e+01	1.458109e+02
4.640000e-06	4.829608e-09	5.370326e-10	2.596095e+01	1.444999e+02
4.650000e-06	4.784222e-09	5.309673e-10	2.571706e+01	1.431783e+02
4.660000e-06	4.738451e-09	5.254392e-10	2.547111e+01	1.418459e+02
4.670000e-06	4.692331e-09	5.205818e-10	2.522328e+01	1.405029e+02
4.680000e-06	4.645878e-09	5.152830e-10	2.497365e+01	1.391492e+02
4.690000e-06	4.599036e-09	5.097120e-10	2.472193e+01	1.377850e+02
4.700000e-06	4.551775e-09	5.045857e-10	2.446796e+01	1.364104e+02
4.710000e-06	4.504128e-09	4.996496e-10	2.421193e+01	1.350257e+02
4.720000e-06	4.456130e-09	4.944216e-10	2.395400e+01	1.336309e+02
4.730000e-06	4.407801e-09	4.890892e-10	2.369430e+01	1.322265e+02
4.740000e-06	4.359163e-09	4.835833e-10	2.343293e+01	1.308127e+02
4.750000e-06	4.310229e-09	4.780157e-10	2.316996e+01	1.293897e+02
4.760000e-06	4.261007e-09	4.729005e-10	2.290545e+01	1.279579e+02
4.770000e-06	4.211505e-09	4.679083e-10	2.263943e+01	1.265177e+02
4.780000e-06	4.161719e-09	4.624342e-10	2.237188e+01	1.250693e+02
4.790000e-06	4.111629e-09	4.565444e-10	2.210271e+01	1.236129e+02
4.800000e-06	4.061209e-09	4.505517e-10	2.183177e+01	1.221490e+02
4.810000e-06	4.010460e-09	4.447133e-10	2.155906e+01	1.206778e+02
4.820000e-06	3.959408e-09	4.390450e-10	2.128471e+01	1.191995e+02
4.830000e-06	3.908088e-09	4.336395e-10	2.100892e+01	1.177143e+02
4.840000e-06	3.856513e-09	4.286382e-10	2.073176e+01	1.162224e+02
4.850000e-06	3.804680e-09	4.235593e-10	2.045323e+01	1.147239e+02
4.860000e-06	3.752575e-09	4.180192e-10	2.017321e+01	1.132189e+02
4.870000e-06	3.700198e-09	4.121086e-10	1.989174e+01	1.117075e+02
4.880000e-06	3.647569e-09	4.059333e-10	1.960891e+01	1.101898e+02
4.890000e-06	3.594691e-09	3.997128e-10	1.932475e+01	1.086656e+02
4.900000e-06	3.541557e-09	3.940308e-10	1.903921e+01	1.071350e+02
4.910000e-06	3.488154e-09	3.889055e-10	1.875222e+01	1.055979e+02
4.920000e-06	3.434474e-09	3.836164e-10	1.846375e+01	1.040543e+02
4.930000e-06	3.380525e-09	3.778753e-10	1.817384e+01	1.025039e+02
4.940000e-06	3.326326e-09	3.719225e-10	1.788258e+01	1.009467e+02
4.950000e-06	3.271899e-09	3.658335e-10	1.759009e+01	9.938250e+01
4.960000e-06	3.217264e-09	3.598339e-10	1.729647e+01	9.781125e+01
4.970000e-06	3.162431e-09	3.540135e-10	1.700179e+01	9.623280e+01
4.980000e-06	3.107391e-09	3.480645e-10	1.670600e+01	9.464703e+01
4.990000e-06	3.052125e-09	3.422127e-10	1.640901e+01	9.305383e+01
5.000000e-06	2.996614e-09	3.365663e-10	1.611070e+01	9.145314e+01
5.010000e-06	2.940858e-09	3.304424e-10	1.581107e+01	8.984489e+01
5.020000e-06	2.884860e-09	3.239646e-10	1.551014e+01	8.822906e+01
5.030000e-06	2.828624e-09	3.178806e-10	1.520793e+01	8.660567e+01
5.040000e-06	2.772160e-09	3.119638e-10	1.490449e+01	8.497474e+01
5.050000e-06	2.715468e-09	3.060052e-10	1.459983e+01	8.333637e+01
5.060000e-06	2.658553e-09	3.001850e-10	1.429397e+01	8.169065e+01
5.070000e-06	2.601430e-09	2.941517e-10	1.398699e+01	8.003775e+01
5.080000e-06	2.544108e-09	2.876992e-10	1.367895e+01	7.837784e+01
5.090000e-06	2.486591e-09	2.813031e-10	1.336985e+01	7.671115e+01
5.100000e-06	2.428896e-09	2.752020e-10	1.305979e+01	7.503791e+01
5.110000e-06	2.371041e-09	2.690837e-10	1.274886e+01	7.335842e+01
5.120000e-06	2.313033e-09	2.628756e-10	1.243712e+01	7.167295e+01
5.130000e-06	2.254875e-09	2.567703e-10	1.212458e+01	6.998185e+01
5.140000e-06	2.196554e-09	2.504594e-10	1.181115e+01	6.828542e+01
5.150000e-06	2.138067e-09	2.438394e-10	1.149683e+01	6.658403e+01
5.160000e-06	2.079428e-09	2.371976e-10	1.118169e+01	6.487803e+01
5.170000e-06	2.020656e-09	2.309907e-10	1.086584e+01	6.316775e+01
5.180000e-06	1.961765e-09	2.250998e-10	1.054936e+01	6.145356e+01
5.190000e-06	1.902761e-09	2.185611e-10	1.023226e+01	5.973579e+01
5.200000e-06	1.843647e-09	2.116565e-10	9.914566e+00	5.801476e+01
5.210000e-06	1.784419e-09	2.054409e-10	9.596262e+00	5.629080e+01
5.220000e-06	1.725070e-09	1.994012e-10	9.277307e+00	5.456420e+01
5.230000e-06	1.665597e-09	1.928725e-10	8.957682e+00	5.283524e+01
5.240000e-06	1.605997e-09	1.865525e-10	8.637373e+00	5.110417e+01
5.250000e-06	1.546269e-09	1.803379e-10	8.316378e+00	4.937122e+01
5.260000e-06	1.486412e-09	1.736284e-10	7.994690e+00	4.763659e+01
5.270000e-06	1.426428e-09	1.667507e-10	7.672315e+00	4.590048e+01
5.280000e-06	1.366321e-09	1.600901e-10	7.349291e+00	4.416304e+01
5.290000e-06	1.306092e-09	1.533018e-10	7.025616e+00	4.242441e+01
5.300000e-06	1.245746e-09	1.464833e-10	6.701317e+00	4.068471e+01
5.310000e-06	1.185299e-09	1.403041e-10	6.376469e+00	3.894404e+01
5.320000e-06	1.124767e-09	1.344618e-10	6.051162e+00	3.720248e+01
5.330000e-06	1.064163e-09	1.282427e-10	5.725459e+00	3.546010e+01
5.340000e-06	1.003493e-09	1.215872e-10	5.399406e+00	3.371697e+01
5.350000e-06	9.427661e-10	1.149581e-10	5.073039e+00	3.197313e+01
5.360000e-06	8.819786e-10	1.081791e-10	4.746341e+00	3.022864e+01
5.370000e-06	8.211291e-10	1.011469e-10	4.419312e+00	2.848354e+01
5.380000e-06	7.602201e-10	9.430617e-11	4.091967e+00	2.673788e+01
5.390000e-06	6.992521e-10	8.782699e-11	3.764304e+00	2.499170e+01
5.400000e-06	6.382291e-10	8.186513e-11	3.436350e+00	2.324506e+01
5.410000e-06	5.771608e-10	7.617748e-11	3.108147e+00	2.149801e+01
5.420000e-06	5.160540e-10	7.003184e-11	2.779727e+00	1.975061e+01
5.430000e-06	4.549133e-10	6.341175e-11	2.451122e+00	1.800295e+01
5.440000e-06	3.937434e-10	5.669065e-11	2.122361e+00	1.625510e+01
5.450000e-06	3.325539e-10	4.973658e-11	1.793495e+00	1.450715e+01
5.460000e-06	2.713569e-10	4.249916e-11	1.464590e+00	1.275919e+01
5.470000e-06	2.101590e-10	3.561906e-11	1.135683e+00	1.101133e+01
5.480000e-06	1.489619e-10	2.956447e-11	8.067824e-01	9.263659e+00
5.490000e-06	8.776774e-11	2.399698e-11	4.779010e-01	7.516297e+00
5.500000e-06	2.657332e-11	1.831865e-11	1.490171e-01	5.769352e+00
5.510000e-06	-3.462566e-11	1.214414e-11	-1.798969e-01	4.022932e+00
5.520000e-06	-9.582612e-11	5.393706e-12	-5.088225e-01	2.277145e+00
5.530000e-06	-1.570270e-10	-1.675766e-12	-8.377519e-01	5.320940e-01
5.540000e-06	-2.182244e-10	-8.449872e-12	-1.166660e+00	-1.212125e+00
5.550000e-06	-2.794102e-10	-1.484264e-11	-1.495502e+00	-2.955423e+00
5.560000e-06	-3.405812e-10	-2.119995e-11	-1.824265e+00	-4.697719e+00
5.570000e-06	-4.017333e-10	-2.748543e-11	-2.152929e+00	-6.438945e+00
5.580000e-06	-4.628578e-10	-3.344588e-11	-2.481448e+00	-8.179042e+00
5.590000e-06	-5.239483e-10	-3.921838e-11	-2.809782e+00	-9.917963e+00
5.600000e-06	-5.849950e-10	-4.526606e-11	-3.137880e+00	-1.165567e+01
5.610000e-06	-6.459887e-10	-5.198686e-11	-3.465696e+00	-1.339214e+01
5.620000e-06	-7.069255e-10	-5.913325e-11	-3.793205e+00	-1.512736e+01
5.630000e-06	-7.678040e-10	-6.604084e-11	-4.120401e+00	-1.686133e+01
5.640000e-06	-8.286250e-10	-7.269407e-11	-4.447285e+00	-1.859403e+01
5.650000e-06	-8.893876e-10	-7.929410e-11	-4.773851e+00	-2.032548e+01
5.660000e-06	-9.500920e-10	-8.558524e-11	-5.100098e+00	-2.205569e+01
5.670000e-06	-1.010736e-09	-9.148536e-11	-5.426015e+00	-2.378466e+01
5.680000e-06	-1.071308e-09	-9.730729e-11	-5.751553e+00	-2.551239e+01
5.690000e-06	-1.131802e-09	-1.034214e-10	-6.076678e+00	-2.723889e+01
5.700000e-06	-1.192211e-09	-1.100656e-10	-6.401347e+00	-2.896413e+01
5.710000e-06	-1.252520e-09	-1.170043e-10	-6.725481e+00	-3.068811e+01
5.720000e-06	-1.312720e-09	-1.237148e-10	-7.049036e+00	-3.241076e+01
5.730000e-06	-1.372805e-09	-1.300527e-10	-7.371976e+00	-3.413205e+01
5.740000e-06	-1.432765e-09	-1.363067e-10	-7.694244e+00	-3.585188e+01
5.750000e-06	-1.492597e-09	-1.425724e-10	-8.015824e+00	-3.757016e+01
5.760000e-06	-1.552299e-09	-1.486802e-10	-8.336709e+00	-3.928675e+01
5.770000e-06	-1.611873e-09	-1.547552e-10	-8.656899e+00	-4.100151e+01
5.780000e-06	-1.671320e-09	-1.609958e-10	-8.976417e+00	-4.271427e+01
5.790000e-06	-1.730647e-09	-1.674849e-10	-9.295277e+00	-4.442480e+01
5.800000e-06	-1.789860e-09	-1.741042e-10	-9.613516e+00	-4.613289e+01
5.810000e-06	-1.848960e-09	-1.804946e-10	-9.931151e+00	-4.783828e+01
5.820000e-06	-1.907943e-09	-1.866816e-10	-1.024815e+01	-4.954069e+01
5.830000e-06	-1.966803e-09	-1.927925e-10	-1.056450e+01	-5.123983e+01
5.840000e-06	-2.025532e-09	-1.990210e-10	-1.088016e+01	-5.293536e+01
5.850000e-06	-2.084120e-09	-2.054789e-10	-1.119505e+01	-5.462697e+01
5.860000e-06	-2.142560e-09	-2.117622e-10	-1.150915e+01	-5.631430e+01
5.870000e-06	-2.200849e-09	-2.175297e-10	-1.182243e+01	-5.799700e+01
5.880000e-06	-2.258989e-09	-2.233423e-10	-1.213492e+01	-5.967471e+01
5.890000e-06	-2.316981e-09	-2.299045e-10	-1.244661e+01	-6.134707e+01
5.900000e-06	-2.374816e-09	-2.365602e-10	-1.275745e+01	-6.301373e+01
5.910000e-06	-2.432481e-09	-2.426292e-10	-1.306738e+01	-6.467434e+01
5.920000e-06	-2.489964e-09	-2.484648e-10	-1.337633e+01	-6.632857e+01
5.930000e-06	-2.547256e-09	-2.543492e-10	-1.368425e+01	-6.797609e+01
5.940000e-06	-2.604349e-09	-2.603834e-10	-1.399111e+01	-6.961660e+01
5.950000e-06	-2.661227e-09	-2.666642e-10	-1.429681e+01	-7.124984e+01
5.960000e-06	-2.717878e-09	-2.728095e-10	-1.460130e+01	-7.287554e+01
5.970000e-06	-2.774292e-09	-2.785138e-10	-1.490451e+01	-7.449348e+01
5.980000e-06	-2.830463e-09	-2.841602e-10	-1.520641e+01	-7.610346e+01
5.990000e-06	-2.886397e-09	-2.902090e-10	-1.550704e+01	-7.770531e+01
6.000000e-06	-2.942098e-09	-2.962916e-10	-1.580643e+01	-7.929890e+01
6.010000e-06	-2.997572e-09	-3.018484e-10	-1.610459e+01	-8.088412e+01
6.020000e-06	-3.052817e-09	-3.072130e-10	-1.640152e+01	-8.246089e+01
6.030000e-06	-3.107843e-09	-3.127739e-10	-1.669726e+01	-8.402916e+01
6.040000e-06	-3.162663e-09	-3.187321e-10	-1.699191e+01	-8.558890e+01
6.050000e-06	-3.217282e-09	-3.248775e-10	-1.728547e+01	-8.714012e+01
6.060000e-06	-3.271692e-09	-3.304912e-10	-1.757792e+01	-8.868283e+01
6.070000e-06	-3.325880e-09	-3.356427e-10	-1.786917e+01	-9.021707e+01
6.080000e-06	-3.379824e-09	-3.410863e-10	-1.815911e+01	-9.174291e+01
6.090000e-06	-3.433501e-09	-3.469032e-10	-1.844762e+01	-9.326039e+01
6.100000e-06	-3.486902e-09	-3.524731e-10	-1.873464e+01	-9.476960e+01
6.110000e-06	-3.540027e-09	-3.574923e-10	-1.902018e+01	-9.627061e+01
6.120000e-06	-3.592885e-09	-3.624416e-10	-1.930429e+01	-9.776350e+01
6.130000e-06	-3.645489e-09	-3.680012e-10	-1.958702e+01	-9.924834e+01
6.140000e-06	-3.697843e-09	-3.741533e-10	-1.986842e+01	-1.007252e+02
6.150000e-06	-3.749941e-09	-3.801340e-10	-2.014845e+01	-1.021941e+02
6.160000e-06	-3.801783e-09	-3.853190e-10	-2.042710e+01	-1.036552e+02
6.170000e-06	-3.853375e-09	-3.902552e-10	-2.070441e+01	-1.051084e+02
6.180000e-06	-3.904728e-09	-3.955329e-10	-2.098042e+01	-1.065538e+02
6.190000e-06	-3.955840e-09	-4.008117e-10	-2.125515e+01	-1.079913e+02
6.200000e-06	-4.006685e-09	-4.056772e-10	-2.152844e+01	-1.094211e+02
6.210000e-06	-4.057225e-09	-4.104284e-10	-2.180011e+01	-1.108429e+02
6.220000e-06	-4.107438e-09	-4.156141e-10	-2.207001e+01	-1.122568e+02
6.230000e-06	-4.157324e-09	-4.211278e-10	-2.233814e+01	-1.136627e+02
6.240000e-06	-4.206894e-09	-4.266044e-10	-2.260457e+01	-1.150606e+02
6.250000e-06	-4.256152e-09	-4.317962e-10	-2.286933e+01	-1.164502e+02
6.260000e-06	-4.305093e-09	-4.366081e-10	-2.313239e+01	-1.178315e+02
6.270000e-06	-4.353716e-09	-4.413765e-10	-2.339374e+01	-1.192044e+02
6.280000e-06	-4.402033e-09	-4.464235e-10	-2.365345e+01	-1.205688e+02
6.290000e-06	-4.450052e-09	-4.513411e-10	-2.391155e+01	-1.219244e+02
6.300000e-06	-4.497744e-09	-4.559113e-10	-2.416790e+01	-1.232712e+02
6.310000e-06	-4.545060e-09	-4.607125e-10	-2.442224e+01	-1.246089e+02
6.320000e-06	-4.591976e-09	-4.660056e-10	-2.467442e+01	-1.259375e+02
6.330000e-06	-4.638506e-09	-4.712922e-10	-2.492452e+01	-1.272568e+02
6.340000e-06	-4.684675e-09	-4.760210e-10	-2.517269e+01	-1.285666e+02
6.350000e-06	-4.730491e-09	-4.802815e-10	-2.541895e+01	-1.298669e+02
6.360000e-06	-4.775921e-09	-4.846867e-10	-2.566315e+01	-1.311574e+02
6.370000e-06	-4.820932e-09	-4.894999e-10	-2.590509e+01	-1.324381e+02
6.380000e-06	-4.865526e-09	-4.943263e-10	-2.614479e+01	-1.337087e+02
6.390000e-06	-4.909736e-09	-4.987963e-10	-2.638242e+01	-1.349694e+02
6.400000e-06	-4.953598e-09	-5.031132e-10	-2.661818e+01	-1.362198e+02
6.410000e-06	-4.997136e-09	-5.078248e-10	-2.685219e+01	-1.374600e+02
6.420000e-06	-5.040362e-09	-5.129093e-10	-2.708454e+01	-1.386898e+02
6.430000e-06	-5.083274e-09	-5.177510e-10	-2.731521e+01	-1.399092e+02
6.440000e-06	-5.125847e-09	-5.219062e-10	-2.754405e+01	-1.411182e+02
6.450000e-06	-5.168064e-09	-5.256875e-10	-2.777097e+01	-1.423166e+02
6.460000e-06	-5.209928e-09	-5.298360e-10	-2.799600e+01	-1.435043e+02
6.470000e-06	-5.251430e-09	-5.343244e-10	-2.821908e+01	-1.446814e+02
6.480000e-06	-5.292525e-09	-5.385619e-10	-2.843998e+01	-1.458478e+02
6.490000e-06	-5.333176e-09	-5.424626e-10	-2.865850e+01	-1.470034e+02
6.500000e-06	-5.373405e-09	-5.464337e-10	-2.887474e+01	-1.481482e+02
6.510000e-06	-5.413261e-09	-5.506644e-10	-2.908896e+01	-1.492820e+02
6.520000e-06	-5.452760e-09	-5.550953e-10	-2.930127e+01	-1.504049e+02
6.530000e-06	-5.491892e-09	-5.593380e-10	-2.951162e+01	-1.515167e+02
6.540000e-06	-5.530660e-09	-5.631822e-10	-2.972000e+01	-1.526174e+02
6.550000e-06	-5.569078e-09	-5.670751e-10	-2.992650e+01	-1.537069e+02
6.560000e-06	-5.607125e-09	-5.710723e-10	-3.013102e+01	-1.547850e+02
6.570000e-06	-5.644731e-09	-5.747479e-10	-3.033316e+01	-1.558517e+02
6.580000e-06	-5.681867e-09	-5.780330e-10	-3.053277e+01	-1.569068e+02
6.590000e-06	-5.718572e-09	-5.813771e-10	-3.073007e+01	-1.579502e+02
6.600000e-06	-5.754869e-09	-5.852761e-10	-3.092517e+01	-1.589819e+02
6.610000e-06	-5.790756e-09	-5.894589e-10	-3.111808e+01	-1.600015e+02
6.620000e-06	-5.826257e-09	-5.934878e-10	-3.130890e+01	-1.610091e+02
6.630000e-06	-5.861408e-09	-5.973201e-10	-3.149785e+01	-1.620044e+02
6.640000e-06	-5.896165e-09	-6.007510e-10	-3.168469e+01	-1.629873e+02
6.650000e-06	-5.930436e-09	-6.038261e-10	-3.186892e+01	-1.639577e+02
6.660000e-06	-5.964228e-09	-6.071277e-10	-3.205057e+01	-1.649154e+02
6.670000e-06	-5.997607e-09	-6.106344e-10	-3.222999e+01	-1.658603e+02
6.680000e-06	-6.030588e-09	-6.138482e-10	-3.240728e+01	-1.667922e+02
6.690000e-06	-6.063157e-09	-6.170938e-10	-3.258236e+01	-1.677111e+02
6.700000e-06	-6.095326e-09	-6.205781e-10	-3.275529e+01	-1.686167e+02
6.710000e-06	-6.127090e-09	-6.237251e-10	-3.292604e+01	-1.695091e+02
6.720000e-06	-6.158359e-09	-6.266209e-10	-3.309413e+01	-1.703881e+02
6.730000e-06	-6.189080e-09	-6.298210e-10	-3.325929e+01	-1.712536e+02
6.740000e-06	-6.219297e-09	-6.330281e-10	-3.342173e+01	-1.721056e+02
6.750000e-06	-6.249052e-09	-6.359022e-10	-3.358169e+01	-1.729440e+02
6.760000e-06	-6.278372e-09	-6.387282e-10	-3.373931e+01	-1.737688e+02
6.770000e-06	-6.307295e-09	-6.414735e-10	-3.389479e+01	-1.745799e+02
6.780000e-06	-6.335812e-09	-6.439170e-10	-3.404809e+01	-1.753774e+02
6.790000e-06	-6.363813e-09	-6.464369e-10	-3.419864e+01	-1.761613e+02
6.800000e-06	-6.391277e-09	-6.494004e-10	-3.434628e+01	-1.769315e+02
6.810000e-06	-6.418297e-09	-6.524106e-10	-3.449154e+01	-1.776880e+02
6.820000e-06	-6.444897e-09	-6.552388e-10	-3.463455e+01	-1.784310e+02
6.830000e-06	-6.471053e-09	-6.580458e-10	-3.477516e+01	-1.791605e+02
6.840000e-06	-6.496786e-09	-6.607934e-10	-3.491350e+01	-1.798764e+02
6.850000e-06	-6.522088e-09	-6.632648e-10	-3.504953e+01	-1.805789e+02
6.860000e-06	-6.546842e-09	-6.653768e-10	-3.518262e+01	-1.812680e+02
6.870000e-06	-6.571057e-09	-6.673736e-10	-3.531280e+01	-1.819437e+02
6.880000e-06	-6.594861e-09	-6.695282e-10	-3.544077e+01	-1.826061e+02
6.890000e-06	-6.618242e-09	-6.719310e-10	-3.556648e+01	-1.832552e+02
6.900000e-06	-6.641150e-09	-6.744225e-10	-3.568964e+01	-1.838910e+02
6.910000e-06	-6.663622e-09	-6.767872e-10	-3.581045e+01	-1.845136e+02
6.920000e-06	-6.685617e-09	-6.790226e-10	-3.592871e+01	-1.851230e+02
6.930000e-06	-6.707005e-09	-6.810980e-10	-3.604372e+01	-1.857192e+02
6.940000e-06	-6.727804e-09	-6.830616e-10	-3.615556e+01	-1.863022e+02
6.950000e-06	-6.748086e-09	-6.851013e-10	-3.626461e+01	-1.868719e+02
6.960000e-06	-6.767782e-09	-6.871038e-10	-3.637052e+01	-1.874284e+02
6.970000e-06	-6.786837e-09	-6.889053e-10	-3.647297e+01	-1.879715e+02
6.980000e-06	-6.805373e-09	-6.908145e-10	-3.657263e+01	-1.885013e+02
6.990000e-06	-6.823496e-09	-6.929538e-10	-3.667007e+01	-1.890175e+02
7.000000e-06	-6.841220e-09	-6.948887e-10	-3.676537e+01	-1.895203e+02
7.010000e-06	-6.858566e-09	-6.966131e-10	-3.685863e+01	-1.900093e+02
7.020000e-06	-6.875483e-09	-6.983675e-10	-3.694959e+01	-1.904846e+02
7.030000e-06	-6.891931e-09	-7.000927e-10	-3.703804e+01	-1.909460e+02
7.040000e-06	-6.907959e-09	-7.016942e-10	-3.712423e+01	-1.913933e+02
7.050000e-06	-6.923514e-09	-7.032013e-10	-3.720789e+01	-1.918264e+02
7.060000e-06	-6.938466e-09	-7.046565e-10	-3.728830e+01	-1.922452e+02
7.070000e-06	-6.952883e-09	-7.059927e-10	-3.736582e+01	-1.926495e+02
7.080000e-06	-6.966851e-09	-7.072226e-10	-3.744094e+01	-1.930390e+02
7.090000e-06	-6.980328e-09	-7.085618e-10	-3.751341e+01	-1.934137e+02
7.100000e-06	-6.993324e-09	-7.100665e-10	-3.758331e+01	-1.937733e+02
7.110000e-06	-7.005838e-09	-7.115391e-10	-3.765061e+01	-1.941177e+02
7.120000e-06	-7.017765e-09	-7.128168e-10	-3.771477e+01	-1.944467e+02
7.130000e-06	-7.029132e-09	-7.139141e-10	-3.777591e+01	-1.947601e+02
7.140000e-06	-7.040041e-09	-7.148941e-10	-3.783458e+01	-1.950576e+02
7.150000e-06	-7.050463e-09	-7.159409e-10	-3.789064e+01	-1.953392e+02
7.160000e-06	-7.060396e-09	-7.169518e-10	-3.794406e+01	-1.956047e+02
7.170000e-06	-7.069892e-09	-7.179782e-10	-3.799514e+01	-1.958539e+02
7.180000e-06	-7.078873e-09	-7.189984e-10	-3.804346e+01	-1.960867e+02
7.190000e-06	-7.087253e-09	-7.197929e-10	-3.808854e+01	-1.963029e+02
7.200000e-06	-7.095130e-09	-7.205129e-10	-3.813092e+01	-1.965025e+02
7.210000e-06	-7.102550e-09	-7.211746e-10	-3.817084e+01	-1.966853e+02
7.220000e-06	-7.109482e-09	-7.218330e-10	-3.820815e+01	-1.968513e+02
7.230000e-06	-7.115949e-09	-7.225590e-10	-3.824295e+01	-1.970005e+02
7.240000e-06	-7.121873e-09	-7.233135e-10	-3.827485e+01	-1.971329e+02
7.250000e-06	-7.127143e-09	-7.238225e-10	-3.830323e+01	-1.972486e+02
7.260000e-06	-7.131822e-09	-7.241883e-10	-3.832842e+01	-1.973475e+02
7.270000e-06	-7.135994e-09	-7.245944e-10	-3.835089e+01	-1.974299e+02
7.280000e-06	-7.139674e-09	-7.247843e-10	-3.837071e+01	-1.974959e+02
7.290000e-06	-7.142908e-09	-7.249186e-10	-3.838813e+01	-1.975458e+02
7.300000e-06	-7.145654e-09	-7.253760e-10	-3.840293e+01	-1.975799e+02
7.310000e-06	-7.147797e-09	-7.259255e-10	-3.841450e+01	-1.975985e+02
7.320000e-06	-7.149412e-09	-7.260938e-10	-3.842321e+01	-1.976021e+02
7.330000e-06	-7.150582e-09	-7.259008e-10	-3.842954e+01	-1.975911e+02
7.340000e-06	-7.151266e-09	-7.256043e-10	-3.843326e+01	-1.975660e+02
